4 0.707812 0.15493 0.028125 0.046948
4 0.657031 0.03169 0.029687 0.06338
4 0.532031 0.00939 0.026562 0.018779
4 0.560937 0.030516 0.021875 0.032864
4 0.611719 0.046948 0.076563 0.093897
4 0.591406 0.106808 0.035937 0.049296
4 0.628906 0.115023 0.039062 0.042254
4 0.6 0.179577 0.046875 0.096244
4 0.525781 0.057512 0.048438 0.077465
4 0.504687 0.107981 0.0375 0.051643
4 0.447656 0.076291 0.035937 0.053991
4 0.391406 0.085681 0.067187 0.091549
4 0.454688 0.150235 0.0625 0.093897
4 0.838281 0.04108 0.026562 0.044601
4 0.690625 0.028169 0.01875 0.028169
4 0.713281 0.045775 0.029687 0.039906
4 0.825 0.140845 0.03125 0.042254
4 0.739844 0.126761 0.032813 0.042254
4 0.769531 0.185446 0.026562 0.042254
4 0.795312 0.197183 0.03125 0.042254
4 0.846875 0.274648 0.03125 0.037559
4 0.823438 0.36385 0.0375 0.046948
4 0.847656 0.375587 0.026562 0.042254
4 0.763281 0.295775 0.042188 0.051643
4 0.771875 0.396714 0.04375 0.056338
4 0.739062 0.34507 0.025 0.042254
4 0.722656 0.201878 0.020313 0.042254
4 0.700781 0.204225 0.020313 0.037559
4 0.682031 0.119718 0.057813 0.061033
4 0.41875 0.951878 0.0625 0.091549
4 0.471875 0.969484 0.05 0.061033
4 0.470313 0.877934 0.0625 0.093897
4 0.504687 0.946009 0.05625 0.107981
4 0.595313 0.955399 0.071875 0.089202
4 0.547656 0.975352 0.029687 0.049296
4 0.65625 0.961268 0.05 0.077465
4 0.622656 0.82277 0.070312 0.110329
4 0.627344 0.888498 0.054688 0.068075
4 0.36875 0.463615 0.05 0.08216
4 0.357812 0.546948 0.04375 0.075117
4 0.41875 0.545775 0.06875 0.086854
4 0.46875 0.58216 0.065625 0.103286
4 0.425 0.666667 0.065625 0.122066
4 0.384375 0.711268 0.034375 0.089202
4 0.515625 0.503521 0.05 0.08216
4 0.446094 0.424883 0.064062 0.107981
4 0.471875 0.480047 0.05625 0.08216
4 0.517969 0.43662 0.048438 0.061033
4 0.571094 0.489437 0.064062 0.100939
4 0.621875 0.434272 0.0375 0.070423
4 0.615625 0.487089 0.040625 0.058685
4 0.664062 0.498826 0.053125 0.086854
4 0.7 0.473005 0.04375 0.06338
4 0.590625 0.589202 0.078125 0.089202
4 0.521875 0.585681 0.059375 0.08216
4 0.494531 0.652582 0.045312 0.089202
4 0.544531 0.646714 0.070312 0.07277
4 0.538281 0.71831 0.057813 0.093897
4 0.503125 0.773474 0.06875 0.100939
4 0.539062 0.82277 0.05 0.08216
4 0.435156 0.828638 0.054688 0.089202
4 0.414062 0.870892 0.040625 0.065728
4 0.594531 0.782864 0.057813 0.077465
4 0.604688 0.719484 0.034375 0.068075
4 0.635156 0.730047 0.035937 0.056338
4 0.6625 0.688967 0.040625 0.06338
4 0.64375 0.644366 0.059375 0.100939
4 0.6375 0.551643 0.03125 0.065728
4 0.66875 0.571596 0.0375 0.068075
4 0.695312 0.622066 0.04375 0.089202
4 0.714844 0.599765 0.042188 0.091549
4 0.728906 0.564554 0.042188 0.049296
4 0.7125 0.674883 0.040625 0.058685
4 0.685937 0.764085 0.034375 0.068075
4 0.664844 0.79108 0.042188 0.070423
4 0.688281 0.853286 0.048438 0.07277
4 0.721875 0.861502 0.03125 0.070423
4 0.742969 0.865023 0.032813 0.077465
4 0.742969 0.7723 0.042188 0.093897
4 0.502344 0.178404 0.054688 0.089202
4 0.547656 0.205399 0.035937 0.058685
4 0.367188 0.241784 0.0625 0.084507
4 0.321875 0.307512 0.046875 0.075117
4 0.28125 0.356808 0.075 0.131455
4 0.424219 0.267606 0.048438 0.075117
4 0.476562 0.296948 0.06875 0.091549
4 0.526563 0.276995 0.04375 0.065728
4 0.574219 0.330986 0.035937 0.061033
4 0.592187 0.315728 0.034375 0.049296
4 0.635938 0.296948 0.040625 0.058685
4 0.661719 0.204225 0.076563 0.122066
4 0.695312 0.299296 0.053125 0.058685
4 0.669531 0.339202 0.029687 0.049296
4 0.716406 0.370892 0.029687 0.046948
4 0.735156 0.415493 0.029687 0.065728
4 0.715625 0.431925 0.01875 0.042254
4 0.74375 0.5 0.04375 0.089202
4 0.778125 0.57277 0.034375 0.056338
4 0.839844 0.666667 0.035937 0.056338
4 0.388281 0.39554 0.064062 0.091549
4 0.428906 0.343897 0.054688 0.06338
4 0.478125 0.387324 0.040625 0.061033
4 0.514062 0.357981 0.04375 0.068075
4 0.539844 0.328638 0.029687 0.042254
4 0.544531 0.393192 0.048438 0.086854
4 0.584375 0.420188 0.040625 0.093897
4 0.603906 0.384977 0.032813 0.051643
4 0.633594 0.382629 0.042188 0.051643
4 0.634375 0.343897 0.0375 0.044601
4 0.678906 0.413146 0.029687 0.051643
4 0.657031 0.423709 0.029687 0.06338
4 0.164844 0.843897 0.089063 0.124413
4 0.253125 0.652582 0.06875 0.107981
4 0.269531 0.826291 0.073438 0.169014
4 0.339062 0.866197 0.06875 0.122066
4 0.307812 0.56338 0.075 0.117371
4 0.326562 0.66784 0.08125 0.100939
4 0.332031 0.747653 0.060937 0.068075
4 0.407813 0.768779 0.059375 0.096244
4 0.364063 0.955399 0.046875 0.089202
