4 0.690625 0.25625 0.040625 0.05
4 0.579688 0.31875 0.040625 0.070833
4 0.621875 0.321875 0.04375 0.060417
4 0.646094 0.28125 0.042188 0.058333
4 0.661719 0.289583 0.029687 0.058333
4 0.669531 0.207292 0.042188 0.06875
4 0.704688 0.223958 0.040625 0.060417
4 0.564063 0.240625 0.025 0.05625
4 0.615625 0.263542 0.040625 0.05625
4 0.574219 0.258333 0.039062 0.05
4 0.540625 0.304167 0.0375 0.058333
4 0.519531 0.269792 0.039062 0.05625
4 0.532031 0.233333 0.039062 0.066667
4 0.570312 0.182292 0.034375 0.05625
4 0.588281 0.202083 0.042188 0.070833
4 0.628125 0.207292 0.040625 0.064583
4 0.609375 0.163542 0.034375 0.04375
4 0.646094 0.151042 0.042188 0.06875
4 0.679688 0.164583 0.0375 0.05
4 0.707812 0.183333 0.028125 0.0375
