4 0.361806 0.372266 0.056944 0.033594
4 0.302083 0.210938 0.0375 0.021875
4 0.744444 0.128125 0.036111 0.023438
4 0.75625 0.235156 0.043056 0.025
4 0.641667 0.317969 0.047222 0.03125
4 0.555556 0.264844 0.036111 0.01875
4 0.379167 0.30625 0.036111 0.021875
4 0.499306 0.363281 0.0375 0.023438
4 0.454167 0.358984 0.030556 0.017969
4 0.556944 0.507031 0.05 0.03125
4 0.240972 0.351562 0.034722 0.01875
4 0.152778 0.304688 0.036111 0.020313
4 0.010417 0.446484 0.020833 0.017969
4 0.078472 0.498437 0.023611 0.014063
4 0.266667 0.494141 0.022222 0.013281
4 0.207639 0.509375 0.020833 0.0125
4 0.135417 0.555859 0.020833 0.011719
4 0.185417 0.560547 0.040278 0.027344
4 0.208333 0.622656 0.019444 0.014063
4 0.033333 0.650391 0.019444 0.011719
4 0.015278 0.672266 0.019444 0.013281
