4 0.349609 0.222222 0.019531 0.047222
4 0.288281 0.638194 0.076563 0.173611
4 0.056641 0.569444 0.024219 0.041667
4 0.235937 0.477083 0.032813 0.034722
4 0.250781 0.423611 0.01875 0.033333
4 0.327344 0.455556 0.023438 0.036111
4 0.279687 0.342361 0.0125 0.023611
4 0.297266 0.386111 0.011719 0.022222
4 0.325 0.363889 0.025 0.033333
4 0.326562 0.314583 0.020313 0.023611
4 0.337891 0.275694 0.010156 0.023611
4 0.357031 0.282639 0.015625 0.031944
4 0.319531 0.226389 0.0125 0.027778
4 0.362109 0.161806 0.017969 0.0375
4 0.379297 0.229861 0.011719 0.026389
4 0.428516 0.254861 0.069531 0.134722
4 0.482031 0.28125 0.010937 0.020833
4 0.482031 0.314583 0.021875 0.031944
4 0.460547 0.357639 0.022656 0.0375
4 0.455859 0.430556 0.014844 0.025
4 0.489844 0.395833 0.026562 0.063889
4 0.515234 0.30625 0.021094 0.034722
4 0.51875 0.375694 0.0125 0.020833
4 0.563672 0.382639 0.014844 0.026389
4 0.634766 0.425694 0.035156 0.073611
