4 0.057031 0.569498 0.060937 0.173745
4 0.423438 0.480695 0.1 0.281853
4 0.414062 0.73166 0.08125 0.189189
4 0.35625 0.797297 0.1 0.235521
4 0.339062 0.949807 0.084375 0.100386
4 0.260937 0.889961 0.0875 0.220077
4 0.200781 0.789575 0.095312 0.258687
4 0.303125 0.723938 0.078125 0.181467
4 0.33125 0.503861 0.0875 0.258687
4 0.235156 0.530888 0.098437 0.297297
4 0.153125 0.565637 0.071875 0.250965
4 0.101562 0.687259 0.1 0.177606
4 0.108594 0.862934 0.104688 0.250965
4 0.090625 0.501931 0.075 0.223938
4 0.029687 0.34749 0.059375 0.131274
4 0.029687 0.5 0.059375 0.235521
4 0.030469 0.700772 0.060937 0.289575
4 0.147656 0.330116 0.076563 0.227799
4 0.248438 0.328185 0.09375 0.23166
4 0.324219 0.295367 0.057813 0.173745
4 0.304688 0.393822 0.05625 0.162162
4 0.264844 0.212355 0.079687 0.19305
4 0.195312 0.256757 0.05625 0.127413
4 0.021094 0.84749 0.042188 0.158301
4 0.044531 0.92471 0.057813 0.150579
4 0.085938 0.372587 0.059375 0.119691
