4 0.896094 0.166667 0.042188 0.065728
4 0.507031 0.503521 0.060937 0.068075
4 0.838281 0.057512 0.042188 0.06338
4 0.703125 0.076291 0.046875 0.058685
4 0.765625 0.307512 0.046875 0.079812
4 0.520312 0.367371 0.04375 0.068075
4 0.483594 0.306338 0.039062 0.058685
4 0.442188 0.172535 0.040625 0.068075
4 0.546094 0.166667 0.054688 0.075117
4 0.252344 0.073944 0.035937 0.058685
4 0.032031 0.122066 0.051562 0.046948
4 0.092188 0.217136 0.0375 0.053991
4 0.055469 0.212441 0.032813 0.068075
4 0.017188 0.383803 0.034375 0.049296
4 0.132031 0.300469 0.032813 0.051643
4 0.079687 0.319249 0.034375 0.046948
4 0.115625 0.374413 0.046875 0.06338
4 0.161719 0.461268 0.032813 0.049296
4 0.226562 0.480047 0.040625 0.077465
4 0.179688 0.944836 0.0625 0.086854
4 0.115625 0.829812 0.034375 0.068075
4 0.086719 0.784038 0.060937 0.089202
4 0.029687 0.769953 0.046875 0.061033
4 0.022656 0.707746 0.042188 0.06338
4 0.057813 0.64554 0.040625 0.056338
4 0.142187 0.74061 0.065625 0.110329
4 0.257812 0.640845 0.040625 0.061033
4 0.196875 0.642019 0.05625 0.07277
4 0.432031 0.672535 0.054688 0.07277
4 0.36875 0.811033 0.053125 0.091549
4 0.775 0.815728 0.06875 0.08216
4 0.498437 0.89554 0.04375 0.053991
