4 0.65 0.386806 0.017188 0.018056
4 0.646484 0.3625 0.016406 0.025
4 0.672656 0.427083 0.014063 0.020833
4 0.685156 0.480556 0.010937 0.019444
4 0.695312 0.529861 0.026562 0.023611
4 0.504297 0.107639 0.077344 0.0875
4 0.669141 0.582639 0.011719 0.020833
4 0.626953 0.536111 0.014844 0.044444
4 0.585547 0.505556 0.010156 0.016667
4 0.583594 0.550694 0.023438 0.034722
4 0.408984 0.41875 0.013281 0.023611
4 0.384766 0.45 0.013281 0.027778
4 0.667969 0.55 0.010937 0.019444
4 0.558594 0.059722 0.009375 0.025
4 0.565625 0.106944 0.01875 0.036111
4 0.525 0.213194 0.107813 0.126389
4 0.516406 0.279861 0.010937 0.018056
4 0.439844 0.270139 0.014063 0.056944
4 0.434375 0.197917 0.014063 0.018056
4 0.497266 0.032639 0.011719 0.023611
4 0.471094 0.014583 0.023438 0.029167
4 0.542578 0.01875 0.025781 0.0375
4 0.400391 0.08125 0.105469 0.1625
4 0.712109 0.728472 0.019531 0.048611
4 0.194922 0.567361 0.017969 0.029167
4 0.405469 0.550694 0.023438 0.045833
4 0.410938 0.189583 0.014063 0.018056
4 0.363672 0.240972 0.016406 0.020833
4 0.551172 0.328472 0.178906 0.104167
4 0.370312 0.350694 0.010937 0.023611
4 0.416016 0.311111 0.014844 0.044444
4 0.430469 0.343056 0.0125 0.019444
4 0.477734 0.481944 0.030469 0.088889
4 0.542188 0.463194 0.051562 0.118056
4 0.588281 0.45 0.039062 0.063889
4 0.605859 0.395833 0.010156 0.019444
4 0.639453 0.438889 0.039844 0.083333
