4 0.389062 0.66784 0.0625 0.07277
4 0.389844 0.507042 0.057813 0.079812
4 0.444531 0.539906 0.057813 0.084507
4 0.442969 0.45892 0.048438 0.07277
4 0.470313 0.413146 0.040625 0.084507
4 0.491406 0.388498 0.057813 0.086854
4 0.529687 0.401408 0.028125 0.070423
4 0.565625 0.441315 0.059375 0.093897
4 0.574219 0.5 0.057813 0.089202
4 0.508594 0.545775 0.057813 0.08216
4 0.511719 0.606808 0.057813 0.068075
4 0.542188 0.623239 0.05 0.091549
4 0.595313 0.618545 0.046875 0.091549
4 0.621094 0.597418 0.057813 0.115023
4 0.642969 0.471831 0.060937 0.093897
4 0.6875 0.510563 0.059375 0.096244
4 0.699219 0.59507 0.057813 0.086854
4 0.765625 0.456573 0.06875 0.091549
4 0.675781 0.312207 0.060937 0.089202
4 0.700781 0.275822 0.060937 0.091549
4 0.619531 0.247653 0.057813 0.100939
