4 0.496528 0.552344 0.031944 0.01875
4 0.10625 0.877344 0.034722 0.01875
4 0.285417 0.873047 0.034722 0.025781
4 0.940972 0.255859 0.051389 0.028906
4 0.779167 0.269141 0.05 0.035156
4 0.629861 0.194922 0.056944 0.041406
4 0.55625 0.233984 0.051389 0.030469
4 0.65625 0.338281 0.051389 0.026562
4 0.334028 0.301563 0.051389 0.029687
4 0.010417 0.535156 0.020833 0.020313
4 0.229861 0.771094 0.031944 0.017188
4 0.054167 0.764844 0.038889 0.021875
4 0.139583 0.78125 0.029167 0.015625
4 0.123611 0.764453 0.063889 0.044531
4 0.073611 0.664062 0.036111 0.021875
4 0.19375 0.699219 0.026389 0.015625
4 0.255556 0.660937 0.036111 0.021875
4 0.345833 0.61875 0.113889 0.0625
4 0.20625 0.576562 0.031944 0.01875
4 0.408333 0.555078 0.030556 0.016406
4 0.589583 0.576953 0.056944 0.035156
4 0.56875 0.621094 0.0375 0.021875
4 0.759722 0.661719 0.088889 0.053125
4 0.838194 0.575781 0.076389 0.046875
