4 0.877344 0.907277 0.048438 0.138498
4 0.957812 0.799296 0.05625 0.077465
4 0.770312 0.840376 0.071875 0.107981
4 0.825 0.83216 0.040625 0.086854
4 0.771094 0.74061 0.051562 0.07277
4 0.696875 0.861502 0.053125 0.070423
4 0.608594 0.792254 0.089063 0.086854
4 0.691406 0.764085 0.076563 0.086854
4 0.696875 0.669014 0.04375 0.075117
4 0.577344 0.660798 0.073438 0.105634
4 0.544531 0.737089 0.042188 0.061033
4 0.448437 0.711268 0.096875 0.089202
4 0.489063 0.65493 0.04375 0.075117
4 0.464844 0.81338 0.057813 0.058685
4 0.957031 0.640845 0.085938 0.075117
4 0.888281 0.618545 0.054688 0.138498
4 0.825781 0.596244 0.073438 0.173709
4 0.764844 0.627934 0.045312 0.096244
4 0.723437 0.461268 0.15625 0.293427
4 0.786719 0.159624 0.060937 0.089202
4 0.78125 0.284038 0.065625 0.117371
4 0.594531 0.048122 0.148438 0.096244
4 0.617969 0.156103 0.070312 0.124413
4 0.6375 0.278169 0.05625 0.105634
4 0.675 0.305164 0.05 0.079812
4 0.530469 0.25 0.170313 0.213615
4 0.511719 0.462441 0.264062 0.342723
4 0.321094 0.46831 0.192188 0.190141
4 0.426563 0.078638 0.0875 0.115023
4 0.313281 0.143192 0.073438 0.140845
4 0.021094 0.473005 0.042188 0.105634
4 0.046875 0.583333 0.078125 0.077465
4 0.046094 0.714789 0.067187 0.115023
4 0.157812 0.507042 0.190625 0.253521
4 0.271094 0.663146 0.085938 0.110329
4 0.251563 0.36385 0.078125 0.159624
4 0.367188 0.292254 0.075 0.143192
4 0.299219 0.280516 0.064062 0.096244
