4 0.453125 0.796948 0.03125 0.049296
4 0.842187 0.448357 0.0625 0.093897
4 0.803125 0.4777 0.05 0.08216
4 0.824219 0.546948 0.048438 0.061033
4 0.875 0.556338 0.046875 0.061033
4 0.899219 0.474178 0.057813 0.107981
4 0.852344 0.524648 0.051562 0.058685
4 0.980469 0.428404 0.039062 0.086854
4 0.488281 0.498826 0.029687 0.049296
4 0.525 0.518779 0.0375 0.051643
4 0.467187 0.54108 0.034375 0.053991
4 0.59375 0.637324 0.0375 0.053991
4 0.700781 0.765258 0.064062 0.084507
4 0.615625 0.815728 0.034375 0.044601
4 0.65 0.852113 0.03125 0.046948
4 0.267188 0.530516 0.05625 0.093897
4 0.3125 0.565728 0.0375 0.042254
4 0.325 0.602113 0.046875 0.07277
4 0.325 0.670188 0.05625 0.068075
4 0.279687 0.616197 0.05625 0.086854
4 0.2125 0.579812 0.05625 0.084507
4 0.170313 0.57277 0.0375 0.079812
4 0.192188 0.627934 0.053125 0.08216
4 0.248438 0.746479 0.05 0.089202
4 0.289062 0.694836 0.04375 0.070423
4 0.240625 0.660798 0.06875 0.096244
4 0.201563 0.704225 0.05625 0.070423
4 0.160156 0.646714 0.051562 0.077465
4 0.049219 0.660798 0.045312 0.06338
4 0.035156 0.717136 0.045312 0.058685
4 0.058594 0.761737 0.029687 0.049296
4 0.091406 0.761737 0.039062 0.049296
4 0.121094 0.760563 0.026562 0.051643
4 0.075 0.706573 0.04375 0.065728
4 0.1125 0.688967 0.0375 0.053991
4 0.09375 0.651408 0.040625 0.044601
4 0.105469 0.634977 0.029687 0.039906
4 0.129688 0.652582 0.01875 0.051643
4 0.133594 0.715962 0.045312 0.056338
4 0.221094 0.821596 0.029687 0.037559
4 0.248438 0.833333 0.01875 0.032864
4 0.021094 0.888498 0.042188 0.07277
4 0.0875 0.988263 0.040625 0.023474
4 0.008594 0.975352 0.017188 0.049296
4 0.063281 0.415493 0.042188 0.070423
4 0.248438 0.143192 0.06875 0.122066
4 0.207813 0.190141 0.05625 0.098592
4 0.3 0.075117 0.034375 0.051643
4 0.290625 0.149061 0.015625 0.053991
4 0.313281 0.194836 0.029687 0.051643
4 0.346875 0.301643 0.03125 0.039906
4 0.063281 0.030516 0.054688 0.061033
4 0.24375 0.030516 0.03125 0.046948
4 0.36875 0.034038 0.034375 0.06338
4 0.6125 0.981221 0.04375 0.037559
4 0.977344 0.965962 0.045312 0.068075
