4 0.783594 0.163435 0.032813 0.066482
4 0.811719 0.303324 0.032813 0.058172
4 0.685156 0.1759 0.042188 0.069252
4 0.724219 0.186981 0.035937 0.074792
4 0.758594 0.184211 0.029687 0.058172
4 0.732031 0.257618 0.032813 0.060942
4 0.751563 0.252078 0.028125 0.072022
4 0.732031 0.385042 0.014063 0.022161
4 0.775781 0.240997 0.026562 0.055402
4 0.769531 0.278393 0.039062 0.036011
4 0.764062 0.361496 0.03125 0.052632
4 0.7875 0.368421 0.040625 0.060942
4 0.789844 0.407202 0.045312 0.049861
4 0.723437 0.423823 0.028125 0.060942
4 0.753906 0.416898 0.017188 0.058172
4 0.624219 0.940443 0.023438 0.052632
4 0.589063 0.693906 0.021875 0.036011
4 0.683594 0.682825 0.023438 0.047091
4 0.739844 0.548476 0.029687 0.049861
4 0.665625 0.50831 0.028125 0.041551
4 0.701562 0.470914 0.01875 0.033241
4 0.420312 0.123269 0.028125 0.036011
4 0.7 0.247922 0.025 0.052632
4 0.678906 0.224377 0.026562 0.033241
4 0.650781 0.236842 0.029687 0.052632
4 0.620313 0.227147 0.0375 0.060942
4 0.625781 0.336565 0.017188 0.030471
4 0.604688 0.293629 0.028125 0.060942
4 0.667188 0.300554 0.034375 0.047091
4 0.677344 0.275623 0.039062 0.069252
4 0.7125 0.342105 0.021875 0.047091
4 0.682813 0.350416 0.040625 0.052632
4 0.674219 0.391967 0.032813 0.052632
4 0.711719 0.393352 0.032813 0.049861
4 0.750781 0.493075 0.035937 0.044321
4 0.855469 0.445983 0.020313 0.038781
4 0.778125 0.314404 0.040625 0.052632
4 0.908594 0.265928 0.023438 0.033241
