4 0.170313 0.698357 0.053125 0.08216
4 0.200781 0.424883 0.064062 0.098592
4 0.015625 0.334507 0.03125 0.105634
4 0.083594 0.558685 0.048438 0.089202
4 0.122656 0.669014 0.051562 0.084507
4 0.097656 0.787559 0.051562 0.086854
4 0.0125 0.894366 0.025 0.079812
4 0.241406 0.974178 0.054688 0.051643
4 0.446875 0.461268 0.065625 0.096244
4 0.584375 0.057512 0.059375 0.086854
4 0.785937 0.073944 0.0625 0.096244
4 0.938281 0.036385 0.110937 0.07277
4 0.899219 0.482394 0.067187 0.110329
4 0.758594 0.556338 0.057813 0.093897
