4 0.764844 0.616667 0.264062 0.766667
4 0.617969 0.163194 0.065625 0.109722
4 0.448828 0.238889 0.058594 0.111111
4 0.533203 0.143056 0.061719 0.127778
4 0.285938 0.535417 0.08125 0.134722
4 0.351172 0.239583 0.071094 0.129167
4 0.804297 0.117361 0.074219 0.1375
4 0.715625 0.102083 0.064062 0.131944
4 0.658203 0.261111 0.066406 0.125
4 0.594141 0.259028 0.060156 0.109722
4 0.526563 0.253472 0.067187 0.140278
4 0.900781 0.584028 0.078125 0.106944
4 0.86875 0.365278 0.079687 0.125
4 0.484375 0.65 0.3625 0.7
