4 0.417187 0.336854 0.05 0.07277
4 0.344531 0.457746 0.067187 0.093897
4 0.379688 0.456573 0.053125 0.068075
4 0.386719 0.408451 0.045312 0.075117
4 0.461719 0.352113 0.042188 0.084507
4 0.428125 0.390845 0.04375 0.039906
4 0.444531 0.435446 0.051562 0.06338
4 0.457813 0.451878 0.03125 0.06338
4 0.490625 0.450704 0.0375 0.070423
4 0.490625 0.330986 0.034375 0.075117
4 0.521875 0.319249 0.046875 0.075117
4 0.520312 0.397887 0.0375 0.077465
4 0.559375 0.393192 0.046875 0.068075
4 0.585156 0.38615 0.026562 0.058685
4 0.590625 0.464789 0.053125 0.093897
4 0.551562 0.446009 0.046875 0.051643
4 0.533594 0.473005 0.051562 0.07277
4 0.480469 0.504695 0.054688 0.056338
