4 0.912891 0.061806 0.017969 0.034722
4 0.204687 0.076389 0.054688 0.113889
4 0.273438 0.077778 0.051562 0.080556
4 0.279687 0.170833 0.040625 0.072222
4 0.232031 0.271528 0.0375 0.079167
4 0.375 0.188194 0.042188 0.079167
4 0.394531 0.282639 0.03125 0.073611
4 0.523828 0.035417 0.060156 0.070833
4 0.757422 0.014583 0.021094 0.029167
4 0.699609 0.091667 0.024219 0.047222
4 0.788281 0.152778 0.040625 0.086111
4 0.824609 0.181944 0.017969 0.036111
4 0.7625 0.197917 0.025 0.0625
4 0.868359 0.471528 0.044531 0.093056
4 0.849219 0.510417 0.023438 0.051389
4 0.805078 0.405556 0.019531 0.038889
4 0.736719 0.425694 0.048438 0.0625
4 0.657031 0.430556 0.025 0.058333
4 0.597656 0.249306 0.017188 0.043056
4 0.338672 0.522222 0.042969 0.075
4 0.310156 0.597917 0.045312 0.104167
4 0.369141 0.590972 0.046094 0.084722
4 0.410938 0.514583 0.021875 0.051389
4 0.41875 0.75 0.05625 0.136111
4 0.589453 0.602778 0.030469 0.075
4 0.608594 0.700694 0.032813 0.056944
4 0.696094 0.657639 0.039062 0.070833
4 0.719531 0.697917 0.0375 0.070833
4 0.913672 0.868056 0.041406 0.102778
