4 0.309375 0.159722 0.039062 0.163889
4 0.196484 0.252778 0.033594 0.069444
4 0.125781 0.084028 0.042188 0.073611
4 0.027344 0.253472 0.034375 0.029167
4 0.386328 0.751389 0.058594 0.161111
4 0.371094 0.463889 0.028125 0.061111
4 0.315234 0.505556 0.077344 0.105556
4 0.317969 0.697917 0.03125 0.048611
4 0.548438 0.497222 0.092188 0.041667
4 0.250781 0.471528 0.01875 0.045833
4 0.639844 0.358333 0.279687 0.230556
4 0.216406 0.438889 0.0125 0.025
4 0.195312 0.361111 0.0125 0.025
4 0.251953 0.382639 0.008594 0.020833
4 0.288281 0.342361 0.015625 0.034722
4 0.317969 0.33125 0.0375 0.073611
