4 0.978516 0.021528 0.042969 0.043056
4 0.785937 0.243056 0.045312 0.080556
4 0.944141 0.364583 0.014844 0.023611
4 0.94375 0.434028 0.015625 0.023611
4 0.973047 0.481944 0.014844 0.025
4 0.935937 0.485417 0.017188 0.034722
4 0.966797 0.538194 0.019531 0.031944
4 0.988672 0.595833 0.022656 0.080556
4 0.878125 0.554861 0.01875 0.029167
4 0.704297 0.461111 0.061719 0.105556
4 0.748047 0.470139 0.046094 0.095833
4 0.583984 0.455556 0.028906 0.05
4 0.492969 0.490278 0.040625 0.072222
4 0.848437 0.779861 0.039062 0.073611
4 0.846094 0.976389 0.028125 0.047222
4 0.755469 0.975 0.029687 0.05
4 0.667969 0.899306 0.0375 0.059722
