4 0.267188 0.697917 0.1 0.184722
4 0.626953 0.679167 0.099219 0.175
4 0.605469 0.203472 0.107813 0.184722
4 0.814063 0.051389 0.190625 0.102778
4 0.969141 0.319444 0.061719 0.169444
4 0.917188 0.388194 0.104688 0.220833
4 0.9625 0.614583 0.075 0.265278
4 0.780078 0.575 0.155469 0.288889
4 0.866016 0.790278 0.100781 0.188889
4 0.723437 0.859028 0.057813 0.118056
4 0.71875 0.949306 0.060937 0.101389
4 0.609375 0.892361 0.159375 0.215278
4 0.355469 0.900694 0.142187 0.198611
4 0.300781 0.820833 0.071875 0.144444
4 0.125 0.865278 0.095312 0.208333
4 0.046875 0.443056 0.09375 0.283333
