4 0.785547 0.019444 0.017969 0.036111
4 0.758203 0.08125 0.014844 0.034722
4 0.650781 0.233333 0.014063 0.030556
4 0.5 0.207639 0.020313 0.043056
4 0.530078 0.246528 0.041406 0.106944
4 0.503516 0.311111 0.016406 0.033333
4 0.541797 0.018056 0.016406 0.036111
4 0.962109 0.578472 0.024219 0.048611
4 0.541016 0.458333 0.035156 0.075
4 0.334375 0.054861 0.023438 0.045833
4 0.010937 0.228472 0.021875 0.056944
4 0.068359 0.225 0.033594 0.066667
4 0.05 0.297917 0.035937 0.0625
4 0.164844 0.29375 0.039062 0.076389
4 0.064844 0.529167 0.04375 0.097222
4 0.264844 0.472917 0.020313 0.040278
4 0.064453 0.949306 0.055469 0.101389
4 0.616797 0.585417 0.019531 0.048611
4 0.163281 0.039583 0.03125 0.048611
4 0.012109 0.086806 0.024219 0.0625
4 0.45625 0.454167 0.020313 0.05
4 0.362891 0.556944 0.025781 0.061111
4 0.374219 0.624306 0.025 0.051389
4 0.399609 0.724306 0.047656 0.095833
4 0.601953 0.471528 0.036719 0.054167
4 0.673047 0.457639 0.016406 0.031944
4 0.867969 0.095139 0.025 0.045833
4 0.720313 0.2625 0.046875 0.119444
