4 0.178906 0.301386 0.082812 0.113164
4 0.428125 0.78291 0.084375 0.101617
4 0.348438 0.657044 0.078125 0.103926
4 0.354687 0.501155 0.090625 0.138568
4 0.45625 0.525404 0.075 0.108545
4 0.522656 0.538106 0.060937 0.096998
4 0.529687 0.285219 0.08125 0.117783
4 0.56875 0.228637 0.059375 0.096998
4 0.336719 0.284065 0.070312 0.092379
4 0.302344 0.312933 0.045312 0.071594
4 0.395313 0.135104 0.09375 0.13164
4 0.808594 0.163972 0.082812 0.096998
4 0.959375 0.024249 0.08125 0.048499
4 0.65625 0.013857 0.065625 0.027714
4 0.032031 0.056582 0.064062 0.113164
4 0.077344 0.071594 0.070312 0.133949
