4 0.489844 0.556338 0.076563 0.13615
4 0.513281 0.660798 0.067187 0.105634
4 0.528125 0.454225 0.075 0.152582
4 0.635156 0.471831 0.045312 0.112676
4 0.476562 0.416667 0.065625 0.138498
4 0.470313 0.31338 0.0625 0.100939
4 0.410938 0.342723 0.06875 0.117371
4 0.348438 0.298122 0.0875 0.126761
4 0.441406 0.181925 0.076563 0.152582
4 0.514844 0.16784 0.079687 0.133803
4 0.578125 0.192488 0.071875 0.107981
4 0.621094 0.241784 0.029687 0.089202
4 0.572656 0.255869 0.076563 0.140845
4 0.672656 0.286385 0.076563 0.122066
4 0.594531 0.327465 0.073438 0.096244
4 0.527344 0.306338 0.064062 0.157277
4 0.435937 0.534038 0.06875 0.119718
4 0.595313 0.56338 0.078125 0.131455
4 0.599219 0.434272 0.070312 0.13615
