4 0.528906 0.342723 0.029687 0.056338
4 0.489844 0.370892 0.029687 0.042254
4 0.4875 0.408451 0.028125 0.037559
4 0.460938 0.419014 0.03125 0.044601
4 0.449219 0.437793 0.032813 0.044601
4 0.466406 0.494131 0.023438 0.039906
4 0.451562 0.483568 0.0375 0.042254
4 0.407031 0.476526 0.032813 0.046948
4 0.417969 0.512911 0.032813 0.039906
4 0.514844 0.510563 0.029687 0.039906
4 0.492188 0.528169 0.028125 0.037559
4 0.491406 0.564554 0.029687 0.039906
4 0.470313 0.592723 0.034375 0.044601
4 0.535937 0.473005 0.028125 0.044601
4 0.542188 0.400235 0.03125 0.049296
4 0.610156 0.518779 0.032813 0.037559
4 0.610156 0.481221 0.035937 0.037559
4 0.56875 0.510563 0.03125 0.044601
4 0.56875 0.465962 0.03125 0.049296
