4 0.623437 0.270139 0.040625 0.079167
4 0.50625 0.06875 0.046875 0.0625
4 0.573438 0.017361 0.042188 0.034722
4 0.623437 0.08125 0.051562 0.0875
4 0.6 0.066667 0.042188 0.091667
4 0.553906 0.079167 0.048438 0.086111
4 0.482812 0.154861 0.023438 0.068056
4 0.505078 0.120833 0.053906 0.077778
4 0.503516 0.193056 0.046094 0.072222
4 0.573047 0.133333 0.047656 0.094444
4 0.652734 0.171528 0.030469 0.073611
4 0.611719 0.158333 0.05625 0.091667
4 0.634766 0.207639 0.047656 0.079167
4 0.554688 0.292361 0.040625 0.076389
4 0.518359 0.268056 0.038281 0.063889
4 0.532422 0.219444 0.060156 0.094444
4 0.585938 0.240972 0.051562 0.098611
4 0.601562 0.334028 0.046875 0.0875
