4 0.33125 0.577083 0.009375 0.0125
4 0.746875 0.90625 0.015625 0.029167
4 0.974219 0.678125 0.017188 0.022917
4 0.833594 0.50625 0.014063 0.016667
4 0.830469 0.56875 0.014063 0.016667
4 0.900781 0.544792 0.014063 0.01875
4 0.9375 0.589583 0.0125 0.016667
4 0.749219 0.476042 0.014063 0.01875
4 0.692969 0.464583 0.014063 0.016667
4 0.716406 0.530208 0.014063 0.01875
4 0.734375 0.558333 0.015625 0.016667
4 0.747656 0.591667 0.014063 0.016667
4 0.723437 0.609375 0.015625 0.01875
4 0.701562 0.591667 0.015625 0.016667
4 0.673438 0.615625 0.01875 0.03125
4 0.650781 0.665625 0.010937 0.01875
4 0.653906 0.604167 0.010937 0.016667
4 0.654687 0.563542 0.015625 0.03125
4 0.625 0.567708 0.025 0.01875
4 0.596875 0.45625 0.015625 0.020833
4 0.575 0.455208 0.01875 0.022917
4 0.61875 0.482292 0.015625 0.01875
4 0.544531 0.495833 0.017188 0.020833
4 0.594531 0.521875 0.017188 0.022917
4 0.445312 0.388542 0.03125 0.052083
4 0.325781 0.427083 0.010937 0.016667
4 0.264844 0.434375 0.010937 0.014583
4 0.261719 0.526042 0.014063 0.014583
4 0.313281 0.485417 0.017188 0.025
4 0.335938 0.490625 0.0125 0.014583
4 0.329688 0.508333 0.0125 0.0125
4 0.361719 0.475 0.023438 0.025
4 0.365625 0.5125 0.015625 0.016667
4 0.399219 0.521875 0.010937 0.014583
4 0.417187 0.55 0.025 0.025
4 0.392188 0.547917 0.009375 0.016667
4 0.389844 0.563542 0.010937 0.014583
4 0.401562 0.575 0.0125 0.0125
4 0.398438 0.589583 0.0125 0.016667
4 0.405469 0.610417 0.010937 0.016667
4 0.429688 0.585417 0.0125 0.016667
4 0.460156 0.515625 0.017188 0.01875
4 0.467187 0.55625 0.0125 0.016667
4 0.496875 0.558333 0.0125 0.016667
4 0.49375 0.56875 0.0125 0.0125
4 0.48125 0.586458 0.009375 0.014583
4 0.48125 0.607292 0.0125 0.014583
4 0.516406 0.608333 0.010937 0.020833
4 0.533594 0.590625 0.014063 0.014583
4 0.528906 0.607292 0.014063 0.022917
4 0.55625 0.60625 0.0125 0.020833
4 0.53125 0.65625 0.009375 0.016667
4 0.495312 0.639583 0.0125 0.025
4 0.461719 0.6375 0.017188 0.033333
4 0.459375 0.670833 0.0125 0.016667
4 0.467187 0.686458 0.009375 0.014583
4 0.480469 0.689583 0.010937 0.0125
4 0.427344 0.626042 0.010937 0.014583
4 0.385156 0.642708 0.020313 0.052083
4 0.360938 0.615625 0.0125 0.014583
4 0.347656 0.633333 0.010937 0.0125
4 0.316406 0.654167 0.010937 0.016667
4 0.366406 0.582292 0.014063 0.014583
4 0.316406 0.609375 0.010937 0.014583
4 0.303906 0.597917 0.010937 0.016667
4 0.30625 0.557292 0.009375 0.014583
4 0.124219 0.723958 0.020313 0.027083
4 0.057031 0.714583 0.023438 0.020833
4 0.197656 0.435417 0.010937 0.016667
4 0.1125 0.440625 0.0125 0.014583
