4 0.475 0.488194 0.05 0.101389
4 0.432031 0.547222 0.042188 0.083333
4 0.472656 0.54375 0.045312 0.056944
4 0.516016 0.511111 0.041406 0.086111
4 0.505078 0.377778 0.035156 0.055556
4 0.528906 0.435417 0.082812 0.090278
4 0.38125 0.427778 0.05 0.086111
4 0.433594 0.419444 0.042188 0.077778
4 0.463281 0.442361 0.05 0.079167
4 0.453516 0.288194 0.041406 0.076389
4 0.525781 0.226389 0.04375 0.083333
4 0.564063 0.286111 0.048438 0.091667
4 0.644141 0.319444 0.066406 0.122222
4 0.64375 0.758333 0.082812 0.155556
4 0.451172 0.627083 0.049219 0.093056
4 0.332422 0.588194 0.053906 0.095833
4 0.385547 0.513194 0.049219 0.090278
4 0.415234 0.5125 0.027344 0.080556
