4 0.49375 0.455556 0.048438 0.075
4 0.567578 0.275694 0.049219 0.070833
4 0.578516 0.394444 0.019531 0.041667
4 0.716797 0.55 0.042969 0.069444
4 0.619922 0.514583 0.021094 0.045833
4 0.536328 0.556944 0.021094 0.041667
4 0.496484 0.517361 0.022656 0.043056
4 0.463672 0.5 0.021094 0.047222
4 0.502734 0.343056 0.036719 0.077778
4 0.533984 0.386111 0.017969 0.038889
4 0.502344 0.409722 0.021875 0.036111
4 0.456641 0.379861 0.019531 0.034722
4 0.460156 0.275694 0.020313 0.040278
4 0.380859 0.144444 0.017969 0.038889
4 0.453516 0.203472 0.021094 0.034722
4 0.348438 0.215278 0.017188 0.033333
4 0.399219 0.239583 0.064062 0.104167
4 0.359766 0.310417 0.019531 0.034722
4 0.401953 0.311111 0.050781 0.047222
4 0.270703 0.433333 0.027344 0.075
4 0.330078 0.389583 0.057031 0.073611
4 0.363281 0.439583 0.015625 0.034722
4 0.414453 0.414583 0.017969 0.029167
4 0.385547 0.529861 0.100781 0.173611
4 0.220312 0.550694 0.028125 0.056944
4 0.103516 0.678472 0.025781 0.043056
4 0.039844 0.688194 0.025 0.043056
4 0.098437 0.752083 0.025 0.051389
4 0.530859 0.721528 0.016406 0.045833
4 0.517578 0.777083 0.019531 0.048611
