4 0.238281 0.398824 0.073438 0.096471
4 0.971875 0.745882 0.05625 0.127059
4 0.903906 0.74 0.079687 0.110588
4 0.889062 0.789412 0.08125 0.124706
4 0.95 0.852941 0.075 0.115294
4 0.980469 0.918824 0.039062 0.134118
4 0.94375 0.952941 0.08125 0.094118
4 0.875781 0.903529 0.082812 0.117647
4 0.846094 0.942353 0.051562 0.101176
4 0.894531 0.981176 0.079687 0.037647
4 0.842969 0.821176 0.060937 0.103529
4 0.858594 0.588235 0.107813 0.155294
4 0.753125 0.683529 0.103125 0.157647
4 0.824219 0.683529 0.082812 0.138824
4 0.748437 0.917647 0.05625 0.122353
4 0.725 0.94 0.078125 0.12
4 0.688281 0.932941 0.057813 0.134118
4 0.638281 0.969412 0.079687 0.061176
4 0.542188 0.948235 0.0625 0.103529
4 0.494531 0.957647 0.054688 0.084706
4 0.349219 0.864706 0.110937 0.167059
4 0.428906 0.878824 0.085938 0.134118
4 0.48125 0.857647 0.059375 0.138824
4 0.536719 0.749412 0.101562 0.176471
4 0.591406 0.876471 0.089063 0.091765
4 0.625781 0.771765 0.085938 0.16
4 0.697656 0.755294 0.073438 0.112941
4 0.602344 0.617647 0.098437 0.176471
4 0.678906 0.601176 0.110937 0.190588
4 0.771094 0.552941 0.095312 0.155294
4 0.848437 0.457647 0.103125 0.143529
4 0.760156 0.428235 0.079687 0.145882
4 0.823438 0.374118 0.09375 0.117647
4 0.689063 0.424706 0.1 0.162353
4 0.667188 0.5 0.096875 0.138824
4 0.644531 0.345882 0.095312 0.145882
4 0.729688 0.328235 0.0875 0.091765
4 0.608594 0.278824 0.082812 0.087059
4 0.646875 0.261176 0.06875 0.08
4 0.549219 0.377647 0.098437 0.190588
4 0.454688 0.321176 0.0875 0.101176
4 0.442969 0.383529 0.095312 0.117647
4 0.441406 0.509412 0.104688 0.185882
4 0.516406 0.529412 0.085938 0.169412
4 0.369531 0.607059 0.101562 0.174118
4 0.432031 0.744706 0.104688 0.176471
4 0.285938 0.701176 0.103125 0.174118
4 0.214062 0.812941 0.109375 0.162353
4 0.182812 0.942353 0.125 0.115294
4 0.283594 0.962353 0.092188 0.075294
4 0.185156 0.887059 0.117188 0.112941
4 0.144531 0.718824 0.110937 0.167059
4 0.204687 0.654118 0.096875 0.16
4 0.089844 0.722353 0.064062 0.150588
4 0.14375 0.589412 0.084375 0.12
4 0.182812 0.510588 0.078125 0.145882
4 0.259375 0.524706 0.103125 0.174118
4 0.339844 0.471765 0.104688 0.171765
4 0.264062 0.409412 0.090625 0.089412
