4 0.498826 0.670312 0.077465 0.053125
4 0.389671 0.653125 0.140845 0.090625
4 0.523474 0.752344 0.173709 0.117188
4 0.687793 0.733594 0.164319 0.123438
4 0.779343 0.70625 0.13615 0.1
4 0.82277 0.682813 0.133803 0.103125
4 0.282864 0.63125 0.133803 0.065625
4 0.693662 0.636719 0.115023 0.070312
4 0.597418 0.6625 0.157277 0.121875
4 0.512911 0.600781 0.129108 0.082812
4 0.245305 0.563281 0.157277 0.101562
4 0.388498 0.546875 0.138498 0.090625
4 0.402582 0.475781 0.08216 0.051562
4 0.491784 0.492969 0.124413 0.095312
4 0.616197 0.54375 0.138498 0.096875
4 0.643192 0.46875 0.098592 0.08125
4 0.564554 0.453125 0.138498 0.1
4 0.462441 0.960156 0.075117 0.051562
4 0.491784 0.9125 0.100939 0.06875
4 0.622066 0.914844 0.169014 0.114062
4 0.721831 0.839063 0.171362 0.10625
4 0.545775 0.850781 0.157277 0.095312
4 0.388498 0.883594 0.171362 0.110937
4 0.228873 0.794531 0.077465 0.054688
4 0.38615 0.817969 0.152582 0.073438
4 0.434272 0.769531 0.103286 0.092188
4 0.333333 0.722656 0.14554 0.095312
