4 0.508594 0.282639 0.032813 0.068056
4 0.491016 0.409028 0.030469 0.065278
4 0.537109 0.459028 0.036719 0.076389
4 0.571875 0.431944 0.034375 0.066667
4 0.652734 0.457639 0.033594 0.106944
4 0.491797 0.677778 0.030469 0.055556
4 0.535156 0.98125 0.035937 0.0375
4 0.23125 0.984028 0.029687 0.031944
4 0.183984 0.7875 0.032031 0.061111
4 0.221484 0.747917 0.024219 0.054167
4 0.181641 0.409028 0.030469 0.0625
4 0.163281 0.245139 0.045312 0.070833
4 0.3 0.289583 0.026562 0.059722
4 0.386328 0.227778 0.046094 0.075
4 0.427734 0.328472 0.028906 0.059722
4 0.348828 0.170833 0.038281 0.077778
4 0.365625 0.053472 0.042188 0.076389
4 0.161328 0.073611 0.027344 0.055556
4 0.699219 0.214583 0.032813 0.068056
4 0.661328 0.201389 0.027344 0.052778
