4 0.289227 0.028906 0.086651 0.057813
4 0.98829 0.559375 0.023419 0.053125
4 0.115925 0.46875 0.086651 0.059375
4 0.064403 0.565625 0.091335 0.0625
4 0.285714 0.615625 0.168618 0.06875
4 0.251756 0.71875 0.105386 0.0625
4 0.354801 0.680469 0.086651 0.060937
4 0.514052 0.635938 0.119438 0.128125
4 0.471897 0.434375 0.096019 0.071875
4 0.505855 0.517969 0.084309 0.054688
4 0.603044 0.417969 0.091335 0.076563
4 0.495316 0.29375 0.091335 0.065625
4 0.742389 0.333594 0.098361 0.070312
4 0.87822 0.278125 0.088993 0.06875
4 0.850117 0.407031 0.140515 0.079687
4 0.879391 0.491406 0.081967 0.070312
4 0.734192 0.565625 0.114754 0.084375
4 0.846604 0.559375 0.086651 0.05625
4 0.802108 0.680469 0.086651 0.064062
4 0.612412 0.171094 0.138173 0.129688
4 0.324356 0.189062 0.081967 0.05625
4 0.098361 0.160156 0.079625 0.054688
