4 0.602734 0.124306 0.016406 0.029167
4 0.830469 0.51875 0.1375 0.348611
4 0.749219 0.538194 0.026562 0.040278
4 0.758203 0.598611 0.030469 0.047222
4 0.621484 0.344444 0.021094 0.041667
4 0.497266 0.252778 0.017969 0.038889
4 0.576562 0.236806 0.015625 0.029167
4 0.516797 0.283333 0.016406 0.033333
4 0.503906 0.332639 0.014063 0.029167
4 0.541016 0.338889 0.074219 0.169444
4 0.526563 0.541667 0.023438 0.044444
4 0.103906 0.458333 0.046875 0.058333
4 0.253906 0.304861 0.034375 0.070833
4 0.139453 0.618056 0.041406 0.069444
4 0.184766 0.517361 0.091406 0.204167
4 0.221875 0.395833 0.070312 0.108333
