4 0.626953 0.760417 0.046094 0.081944
4 0.595703 0.736806 0.041406 0.079167
4 0.566406 0.70625 0.046875 0.084722
4 0.646875 0.558333 0.048438 0.088889
4 0.611719 0.580556 0.029687 0.066667
4 0.605859 0.520139 0.047656 0.093056
4 0.528125 0.545139 0.046875 0.081944
4 0.568359 0.565972 0.038281 0.0625
4 0.582812 0.60625 0.048438 0.101389
4 0.604297 0.645833 0.049219 0.086111
4 0.65 0.651389 0.045312 0.05
4 0.644141 0.686806 0.057031 0.0875
4 0.524609 0.659722 0.042969 0.077778
4 0.541797 0.631944 0.047656 0.091667
