4 0.3875 0.667917 0.06 0.071295
4 0.416875 0.521576 0.11375 0.116323
4 0.443125 0.4606 0.05375 0.084428
4 0.494375 0.398687 0.08875 0.110694
4 0.57125 0.469981 0.07 0.148218
4 0.51125 0.573171 0.0625 0.148218
4 0.5425 0.630394 0.0475 0.078799
4 0.5475 0.5197 0.055 0.090056
4 0.61 0.604128 0.0825 0.12758
4 0.643125 0.469043 0.06125 0.090056
4 0.688125 0.514071 0.05625 0.097561
4 0.699375 0.595685 0.05375 0.08818
4 0.76625 0.459662 0.065 0.090056
4 0.620625 0.248593 0.06125 0.103189
4 0.68875 0.297373 0.0825 0.129456
