4 0.390234 0.417361 0.038281 0.068056
4 0.543359 0.329167 0.044531 0.072222
4 0.502344 0.343056 0.035937 0.069444
4 0.297656 0.094444 0.054688 0.091667
4 0.299219 0.228472 0.05 0.079167
4 0.332031 0.219444 0.039062 0.080556
4 0.373047 0.227083 0.049219 0.0875
4 0.3625 0.302778 0.053125 0.075
4 0.401172 0.257639 0.042969 0.095833
4 0.428516 0.226389 0.057031 0.125
4 0.439844 0.328472 0.04375 0.101389
4 0.480078 0.276389 0.047656 0.108333
4 0.5125 0.25 0.039062 0.072222
4 0.502344 0.180556 0.05625 0.097222
4 0.454688 0.177083 0.042188 0.101389
4 0.376953 0.134028 0.052344 0.104167
4 0.364453 0.086111 0.042969 0.077778
4 0.423047 0.10625 0.047656 0.120833
4 0.466406 0.070139 0.053125 0.106944
4 0.410938 0.027083 0.053125 0.054167
4 0.406641 0.16875 0.032031 0.073611
