4 0.639062 0.947917 0.048438 0.104167
4 0.975391 0.457639 0.049219 0.1875
4 0.892188 0.522917 0.059375 0.1125
4 0.802344 0.223611 0.117188 0.130556
4 0.73125 0.3375 0.071875 0.127778
4 0.958594 0.057639 0.082812 0.115278
4 0.857031 0.015278 0.060937 0.030556
4 0.66875 0.585417 0.109375 0.134722
4 0.567969 0.511806 0.05625 0.115278
4 0.522266 0.688194 0.057031 0.098611
4 0.523828 0.966667 0.046094 0.066667
4 0.412109 0.754861 0.053906 0.101389
4 0.444141 0.866667 0.039844 0.075
4 0.386328 0.879167 0.057031 0.094444
4 0.278125 0.766667 0.084375 0.141667
4 0.198437 0.884028 0.042188 0.101389
4 0.078125 0.826389 0.103125 0.208333
4 0.198437 0.560417 0.045312 0.093056
4 0.373047 0.585417 0.050781 0.098611
4 0.436719 0.557639 0.042188 0.084722
4 0.110156 0.365278 0.170313 0.225
4 0.159766 0.269444 0.055469 0.088889
4 0.049219 0.178472 0.054688 0.095833
