4 0.514844 0.861458 0.026562 0.027083
4 0.575781 0.360417 0.042188 0.05
4 0.597656 0.398958 0.032813 0.04375
4 0.484375 0.33125 0.0125 0.016667
4 0.210156 0.342708 0.010937 0.010417
4 0.125 0.466667 0.028125 0.033333
4 0.127344 0.515625 0.023438 0.035417
4 0.311719 0.479167 0.020313 0.025
4 0.300781 0.772917 0.020313 0.029167
4 0.138281 0.770833 0.026562 0.045833
4 0.161719 0.780208 0.023438 0.03125
4 0.082812 0.845833 0.05 0.058333
4 0.574219 0.541667 0.017188 0.025
4 0.535156 0.585417 0.020313 0.020833
4 0.507812 0.709375 0.028125 0.04375
4 0.595313 0.675 0.0375 0.066667
4 0.625781 0.694792 0.039062 0.064583
4 0.638281 0.722917 0.048438 0.054167
4 0.592187 0.73125 0.03125 0.066667
4 0.578906 0.789583 0.048438 0.058333
4 0.611719 0.775 0.029687 0.066667
4 0.638281 0.772917 0.032813 0.079167
4 0.514844 0.830208 0.026562 0.039583
4 0.453906 0.8375 0.023438 0.0375
4 0.489844 0.853125 0.026562 0.039583
4 0.900781 0.834375 0.073438 0.08125
4 0.84375 0.841667 0.0375 0.0625
4 0.736719 0.759375 0.064062 0.077083
