4 0.817187 0.200694 0.365625 0.401389
4 0.977734 0.414583 0.011719 0.015278
4 0.834375 0.516667 0.009375 0.016667
4 0.840234 0.609028 0.008594 0.015278
4 0.863281 0.53125 0.009375 0.015278
4 0.896875 0.58125 0.009375 0.015278
4 0.935547 0.56875 0.010156 0.015278
4 0.941406 0.534028 0.009375 0.015278
4 0.996484 0.603472 0.007031 0.018056
4 0.973047 0.740972 0.010156 0.015278
4 0.953125 0.746528 0.009375 0.0125
4 0.928516 0.751389 0.010156 0.013889
4 0.894141 0.786806 0.010156 0.020833
4 0.971484 0.809722 0.005469 0.011111
4 0.349219 0.821528 0.364063 0.356944
4 0.663281 0.695139 0.007812 0.0125
4 0.674609 0.745139 0.007031 0.0125
4 0.665234 0.892361 0.007031 0.0125
4 0.803906 0.724306 0.007812 0.0125
4 0.746484 0.778472 0.007031 0.0125
4 0.755859 0.818056 0.008594 0.013889
4 0.769922 0.809028 0.010156 0.015278
4 0.740234 0.943056 0.007031 0.011111
4 0.803125 0.945139 0.010937 0.015278
4 0.857422 0.954167 0.008594 0.013889
4 0.181641 0.177778 0.019531 0.033333
