4 0.728235 0.671875 0.054118 0.015625
4 0.738824 0.289844 0.150588 0.120313
4 0.924706 0.503906 0.061176 0.026562
4 0.704706 0.472656 0.054118 0.042188
4 0.727059 0.559375 0.056471 0.0375
4 0.762353 0.610156 0.032941 0.039062
4 0.814118 0.613281 0.042353 0.026562
4 0.815294 0.647656 0.049412 0.023438
4 0.925882 0.640625 0.044706 0.025
4 0.754118 0.644531 0.04 0.017188
4 0.591765 0.697656 0.12 0.076563
4 0.618824 0.769531 0.037647 0.035937
4 0.335294 0.757031 0.04 0.032813
4 0.390588 0.759375 0.042353 0.03125
4 0.401176 0.789062 0.044706 0.03125
4 0.377647 0.814844 0.044706 0.026562
4 0.355294 0.783594 0.032941 0.026562
4 0.298824 0.792188 0.047059 0.028125
4 0.334118 0.811719 0.037647 0.032813
4 0.230588 0.785156 0.037647 0.029687
4 0.205882 0.821875 0.044706 0.034375
4 0.269412 0.628906 0.021176 0.017188
4 0.231765 0.65625 0.025882 0.01875
4 0.275294 0.658594 0.065882 0.026562
4 0.244706 0.682813 0.065882 0.034375
4 0.28 0.403125 0.08 0.05
4 0.188235 0.380469 0.037647 0.042188
4 0.538824 0.211719 0.056471 0.039062
4 0.478824 0.140625 0.04 0.0375
4 0.356471 0.099219 0.054118 0.051562
4 0.262353 0.135937 0.115294 0.084375
4 0.063529 0.178906 0.089412 0.032813
4 0.111765 0.030469 0.105882 0.060937
