4 0.532639 0.183203 0.084722 0.060156
4 0.866667 0.260937 0.105556 0.064062
4 0.702778 0.239063 0.097222 0.0625
4 0.453472 0.257031 0.081944 0.054688
4 0.490278 0.336719 0.091667 0.057813
4 0.386111 0.452734 0.083333 0.049219
4 0.292361 0.424219 0.131944 0.084375
4 0.18125 0.454688 0.090278 0.053125
4 0.043056 0.511328 0.086111 0.071094
4 0.338889 0.665625 0.077778 0.051562
4 0.261111 0.648047 0.080556 0.055469
4 0.399306 0.576172 0.126389 0.078906
4 0.602083 0.611328 0.079167 0.053906
4 0.659722 0.586328 0.094444 0.061719
4 0.821528 0.631641 0.093056 0.063281
4 0.677778 0.761328 0.088889 0.063281
