4 0.566092 0.939655 0.06092 0.093103
4 0.505747 0.923276 0.052874 0.084483
4 0.448851 0.900862 0.058621 0.098276
4 0.371839 0.948276 0.06092 0.093103
4 0.318966 0.836207 0.063218 0.089655
4 0.356897 0.750862 0.058621 0.081034
4 0.289655 0.706897 0.075862 0.086207
4 0.33908 0.663793 0.066667 0.093103
4 0.407471 0.666379 0.081609 0.098276
4 0.408621 0.793966 0.056322 0.091379
4 0.485057 0.697414 0.052874 0.087931
4 0.462644 0.737931 0.054023 0.07931
4 0.474138 0.798276 0.056322 0.07931
4 0.520115 0.711207 0.06092 0.091379
4 0.535057 0.623276 0.06092 0.084483
4 0.566667 0.627586 0.052874 0.089655
4 0.477011 0.612931 0.057471 0.087931
4 0.435632 0.621552 0.041379 0.084483
4 0.354023 0.568966 0.073563 0.110345
4 0.271264 0.567241 0.062069 0.093103
4 0.459195 0.518966 0.056322 0.106897
4 0.481034 0.49569 0.049425 0.091379
4 0.526437 0.518966 0.05977 0.1
4 0.817816 0.331034 0.070115 0.082759
4 0.708046 0.366379 0.050575 0.077586
4 0.647126 0.325862 0.052874 0.093103
4 0.686782 0.328448 0.047126 0.091379
4 0.755172 0.223276 0.071264 0.081034
4 0.744253 0.193103 0.056322 0.075862
4 0.714943 0.281034 0.055172 0.089655
4 0.605747 0.275862 0.055172 0.075862
4 0.67931 0.193103 0.055172 0.082759
4 0.57931 0.34569 0.064368 0.094828
4 0.54023 0.216379 0.064368 0.087931
4 0.55977 0.143103 0.062069 0.086207
4 0.598851 0.212069 0.062069 0.07931
4 0.614368 0.136207 0.047126 0.086207
4 0.594828 0.090517 0.054023 0.087931
4 0.648276 0.149138 0.052874 0.091379
4 0.646552 0.062069 0.056322 0.106897
4 0.65977 0.037069 0.048276 0.074138
4 0.683333 0.091379 0.037931 0.093103
4 0.699425 0.161207 0.051724 0.081034
