4 0.4 0.06875 0.075 0.079167
4 0.761328 0.151389 0.007031 0.036111
4 0.727344 0.145833 0.014063 0.027778
4 0.723828 0.095139 0.013281 0.026389
4 0.694922 0.116667 0.014844 0.033333
4 0.688281 0.056944 0.014063 0.033333
4 0.666797 0.096528 0.014844 0.029167
4 0.63125 0.077083 0.015625 0.065278
4 0.608594 0.125 0.021875 0.030556
4 0.602734 0.078472 0.014844 0.031944
4 0.553125 0.066667 0.023438 0.036111
4 0.518359 0.141667 0.014844 0.030556
4 0.516016 0.097222 0.011719 0.044444
4 0.515625 0.052083 0.0125 0.031944
4 0.374219 0.436806 0.0375 0.084722
4 0.412891 0.422222 0.044531 0.097222
4 0.388281 0.352083 0.020313 0.043056
4 0.322266 0.374306 0.035156 0.056944
4 0.442188 0.246528 0.021875 0.051389
4 0.3875 0.183333 0.071875 0.155556
