4 0.310937 0.566901 0.046875 0.07277
4 0.196094 0.829812 0.045312 0.068075
4 0.661719 0.843897 0.045312 0.07277
4 0.807031 0.796948 0.054688 0.08216
4 0.883594 0.646714 0.051562 0.077465
4 0.784375 0.573944 0.05 0.07277
4 0.707031 0.542254 0.051562 0.075117
4 0.570312 0.605634 0.046875 0.075117
4 0.532031 0.642019 0.048438 0.07277
4 0.432812 0.53169 0.05 0.077465
4 0.569531 0.460094 0.048438 0.070423
4 0.617188 0.483568 0.046875 0.070423
4 0.684375 0.431925 0.046875 0.070423
4 0.471094 0.410798 0.045312 0.075117
4 0.501563 0.434272 0.046875 0.075117
4 0.449219 0.122066 0.048438 0.070423
4 0.497656 0.069249 0.054688 0.07277
4 0.629687 0.107981 0.053125 0.079812
4 0.540625 0.151408 0.05 0.077465
4 0.607031 0.211268 0.048438 0.070423
4 0.630469 0.254695 0.060937 0.077465
4 0.564063 0.251174 0.05 0.075117
4 0.515625 0.241784 0.05625 0.084507
4 0.532813 0.305164 0.05 0.056338
4 0.217188 0.535211 0.05 0.070423
4 0.339844 0.507042 0.045312 0.070423
4 0.326562 0.440141 0.046875 0.07277
4 0.3375 0.410798 0.04375 0.065728
4 0.266406 0.309859 0.048438 0.079812
4 0.319531 0.335681 0.048438 0.065728
4 0.775781 0.13615 0.051562 0.075117
4 0.366406 0.338028 0.045312 0.070423
4 0.375 0.252347 0.046875 0.07277
4 0.124219 0.207746 0.054688 0.077465
4 0.302344 0.012911 0.048438 0.025822
