4 0.271094 0.497653 0.054688 0.070423
4 0.307812 0.504695 0.04375 0.075117
4 0.357031 0.498826 0.045312 0.077465
4 0.407031 0.461268 0.051562 0.07277
4 0.408594 0.389671 0.051562 0.070423
4 0.386719 0.36385 0.051562 0.075117
4 0.3625 0.315728 0.05 0.086854
4 0.3125 0.311033 0.05 0.091549
4 0.360938 0.42723 0.046875 0.065728
4 0.338281 0.372066 0.045312 0.07277
4 0.248438 0.361502 0.034375 0.070423
4 0.278125 0.352113 0.059375 0.075117
4 0.2625 0.419014 0.025 0.053991
4 0.294531 0.422535 0.054688 0.065728
4 0.234375 0.430751 0.053125 0.07277
