4 0.6625 0.762755 0.121875 0.076531
4 0.880469 0.813776 0.045312 0.045918
4 0.889844 0.640306 0.045312 0.071429
4 0.895312 0.784439 0.05 0.063776
4 0.825 0.820153 0.03125 0.048469
4 0.797656 0.836735 0.039062 0.081633
4 0.766406 0.831633 0.035937 0.071429
4 0.785156 0.769133 0.132812 0.089286
4 0.826562 0.683673 0.053125 0.107143
4 0.774219 0.639031 0.064062 0.130102
4 0.688281 0.670918 0.135937 0.096939
4 0.619531 0.664541 0.048438 0.104592
4 0.580469 0.798469 0.079687 0.096939
4 0.517188 0.76148 0.059375 0.130102
4 0.59375 0.618622 0.0375 0.068878
4 0.526563 0.66199 0.109375 0.104592
4 0.510938 0.603316 0.0375 0.058673
4 0.446094 0.641582 0.054688 0.119898
4 0.451562 0.783163 0.04375 0.056122
4 0.446875 0.734694 0.05625 0.061224
4 0.367188 0.63648 0.1 0.094388
4 0.302344 0.603316 0.070312 0.114796
4 0.345313 0.73852 0.128125 0.09949
4 0.232813 0.716837 0.096875 0.117347
4 0.177344 0.688776 0.076563 0.081633
4 0.133594 0.69898 0.026562 0.040816
4 0.120313 0.654337 0.028125 0.038265
4 0.271875 0.581633 0.028125 0.05102
4 0.198437 0.602041 0.125 0.112245
4 0.132812 0.5625 0.040625 0.068878
