4 0.139453 0.394444 0.278906 0.788889
4 0.516406 0.217361 0.490625 0.434722
4 0.504687 0.628472 0.45 0.551389
4 0.176563 0.877083 0.353125 0.245833
4 0.844141 0.038889 0.111719 0.077778
4 0.985547 0.146528 0.028906 0.115278
4 0.96875 0.239583 0.04375 0.073611
4 0.829688 0.172222 0.11875 0.141667
4 0.830859 0.272222 0.039844 0.061111
4 0.772266 0.318056 0.035156 0.061111
4 0.916016 0.352778 0.091406 0.175
4 0.970703 0.504861 0.058594 0.101389
4 0.875 0.585417 0.045312 0.120833
4 0.785547 0.629861 0.042969 0.068056
4 0.833203 0.74375 0.046094 0.070833
4 0.984766 0.700694 0.030469 0.076389
4 0.762891 0.504861 0.060156 0.0875
4 0.766797 0.444444 0.042969 0.05
4 0.819531 0.431944 0.057813 0.144444
4 0.789062 0.529861 0.042188 0.090278
