4 0.696094 0.938194 0.009375 0.018056
4 0.837891 0.227778 0.324219 0.455556
4 0.511328 0.228472 0.324219 0.456944
4 0.509375 0.608333 0.320312 0.291667
4 0.833203 0.606944 0.333594 0.311111
4 0.542578 0.840278 0.008594 0.016667
4 0.550391 0.925 0.008594 0.013889
4 0.572656 0.867361 0.009375 0.015278
4 0.609766 0.905556 0.007031 0.013889
4 0.639062 0.893056 0.009375 0.013889
4 0.645312 0.876389 0.009375 0.016667
4 0.760938 0.886111 0.089063 0.111111
4 0.769531 0.780556 0.010937 0.016667
4 0.766797 0.761111 0.008594 0.013889
4 0.847656 0.771528 0.007812 0.015278
4 0.878125 0.776389 0.010937 0.016667
4 0.894531 0.801389 0.010937 0.016667
4 0.852734 0.966667 0.008594 0.013889
4 0.951172 0.876389 0.008594 0.016667
4 0.970703 0.917361 0.008594 0.015278
