4 0.781641 0.863516 0.035156 0.04682
4 0.5375 0.441254 0.026562 0.032686
4 0.582812 0.53136 0.029687 0.034452
4 0.473438 0.496908 0.025 0.029152
4 0.4875 0.613516 0.025 0.029152
4 0.279297 0.681979 0.041406 0.05477
4 0.196484 0.620583 0.028906 0.030919
4 0.130078 0.54947 0.025781 0.030035
4 0.257422 0.483216 0.027344 0.035336
4 0.317188 0.424028 0.026562 0.031802
4 0.244922 0.385159 0.028906 0.030035
4 0.310156 0.349823 0.028125 0.031802
4 0.368359 0.363074 0.027344 0.030035
4 0.348438 0.320671 0.025 0.028269
4 0.375781 0.300795 0.040625 0.048587
4 0.195312 0.371908 0.029687 0.035336
4 0.330078 0.212898 0.024219 0.033569
4 0.358594 0.20053 0.025 0.031802
4 0.453516 0.170495 0.025781 0.030035
4 0.464453 0.238074 0.032031 0.036219
4 0.010156 0.091431 0.020313 0.043286
