4 0.629687 0.592723 0.11875 0.152582
4 0.752344 0.670188 0.123438 0.204225
4 0.634375 0.456573 0.121875 0.20892
4 0.529687 0.469484 0.11875 0.201878
4 0.505469 0.383803 0.076563 0.096244
4 0.542969 0.274648 0.120313 0.211268
4 0.664844 0.311033 0.120313 0.269953
4 0.639844 0.142019 0.120313 0.180751
4 0.764062 0.212441 0.125 0.260563
4 0.823438 0.117371 0.078125 0.075117
4 0.888281 0.217136 0.120313 0.237089
4 0.914844 0.35446 0.110937 0.206573
4 0.839844 0.519953 0.117188 0.21831
4 0.779687 0.401408 0.128125 0.220657
4 0.738281 0.50939 0.095312 0.126761
