4 0.657422 0.253472 0.124219 0.245833
4 0.586719 0.611806 0.171875 0.376389
4 0.803125 0.106944 0.198437 0.213889
4 0.803125 0.229861 0.034375 0.059722
4 0.8375 0.288889 0.039062 0.063889
4 0.733594 0.301389 0.03125 0.058333
4 0.754687 0.359722 0.039062 0.061111
4 0.551953 0.200694 0.075781 0.131944
4 0.505469 0.347917 0.101562 0.193056
4 0.364063 0.25 0.165625 0.197222
4 0.370703 0.486806 0.063281 0.226389
4 0.430859 0.545833 0.041406 0.061111
4 0.476953 0.629861 0.030469 0.070833
4 0.276953 0.638889 0.083594 0.094444
4 0.21875 0.568056 0.035937 0.075
4 0.126172 0.741667 0.049219 0.1
4 0.0875 0.498611 0.034375 0.061111
4 0.146094 0.308333 0.090625 0.116667
4 0.255469 0.052778 0.073438 0.105556
4 0.430859 0.046528 0.107031 0.093056
4 0.520703 0.075 0.077344 0.15
4 0.616406 0.085417 0.039062 0.1125
