4 0.728906 0.360329 0.017188 0.025822
4 0.727344 0.619718 0.254688 0.460094
4 0.70625 0.231221 0.028125 0.039906
4 0.660156 0.070423 0.017188 0.032864
4 0.407031 0.2277 0.029687 0.061033
4 0.54375 0.421362 0.04375 0.100939
4 0.590625 0.476526 0.015625 0.018779
4 0.573438 0.512911 0.040625 0.039906
4 0.457813 0.442488 0.046875 0.068075
4 0.49375 0.440141 0.03125 0.049296
4 0.48125 0.517606 0.0375 0.039906
4 0.446875 0.535211 0.03125 0.061033
4 0.510156 0.589202 0.026562 0.056338
4 0.482812 0.634977 0.034375 0.049296
4 0.36875 0.643192 0.034375 0.046948
4 0.349219 0.688967 0.029687 0.039906
4 0.292187 0.616197 0.028125 0.035211
4 0.228906 0.796948 0.032813 0.053991
4 0.236719 0.099765 0.045312 0.091549
4 0.067187 0.237089 0.0625 0.117371
