4 0.289453 0.166667 0.036719 0.069444
4 0.311719 0.159722 0.040625 0.091667
4 0.296094 0.234028 0.039062 0.090278
4 0.282031 0.325 0.057813 0.091667
4 0.325 0.309028 0.046875 0.079167
4 0.35 0.278472 0.051562 0.090278
4 0.314453 0.352778 0.022656 0.025
4 0.25625 0.390278 0.045312 0.086111
4 0.224219 0.405556 0.05 0.077778
4 0.289062 0.385417 0.025 0.040278
4 0.261719 0.238889 0.048438 0.088889
4 0.252734 0.188194 0.053906 0.095833
4 0.155078 0.216667 0.055469 0.091667
4 0.164453 0.122917 0.046094 0.079167
4 0.214844 0.15625 0.051562 0.101389
4 0.225391 0.311111 0.060156 0.097222
4 0.1875 0.329167 0.039062 0.080556
4 0.192969 0.269444 0.053125 0.061111
4 0.160938 0.28125 0.029687 0.054167
4 0.213281 0.226389 0.046875 0.069444
