4 0.587109 0.029167 0.013281 0.027778
4 0.627344 0.090278 0.020313 0.05
4 0.04375 0.29375 0.021875 0.040278
4 0.130859 0.596528 0.032031 0.0625
4 0.108594 0.561806 0.03125 0.056944
4 0.119531 0.461806 0.029687 0.051389
4 0.116797 0.391667 0.028906 0.063889
4 0.692578 0.559722 0.019531 0.041667
4 0.328516 0.977083 0.033594 0.045833
4 0.409375 0.394444 0.0375 0.055556
4 0.395313 0.50625 0.01875 0.045833
4 0.477734 0.405556 0.014844 0.033333
4 0.458984 0.207639 0.047656 0.120833
4 0.309766 0.125694 0.041406 0.095833
4 0.23125 0.344444 0.023438 0.047222
4 0.280469 0.303472 0.035937 0.073611
4 0.315625 0.19375 0.015625 0.0375
