4 0.541406 0.591549 0.035937 0.056338
4 0.634375 0.33216 0.05 0.086854
4 0.605469 0.265258 0.023438 0.037559
4 0.491406 0.139671 0.035937 0.06338
4 0.596875 0.0223 0.025 0.039906
4 0.350781 0.185446 0.042188 0.061033
4 0.235156 0.234742 0.039062 0.065728
4 0.145313 0.21831 0.040625 0.070423
4 0.171094 0.0223 0.039062 0.044601
4 0.040625 0.349765 0.05 0.065728
4 0.111719 0.498826 0.042188 0.06338
4 0.335156 0.42723 0.039062 0.070423
4 0.363281 0.503521 0.042188 0.07277
4 0.495312 0.402582 0.08125 0.086854
4 0.567187 0.399061 0.025 0.037559
4 0.454688 0.592723 0.0375 0.053991
4 0.483594 0.651408 0.035937 0.053991
4 0.430469 0.713615 0.045312 0.117371
4 0.485156 0.852113 0.039062 0.159624
4 0.544531 0.987089 0.026562 0.025822
