4 0.489063 0.54108 0.06875 0.115023
4 0.392969 0.606808 0.082812 0.133803
4 0.38125 0.498826 0.059375 0.086854
4 0.360938 0.399061 0.10625 0.117371
4 0.282813 0.328638 0.04375 0.065728
4 0.520312 0.303991 0.24375 0.269953
4 0.761719 0.085681 0.045312 0.07277
4 0.925 0.246479 0.040625 0.061033
4 0.957031 0.194836 0.048438 0.084507
4 0.847656 0.206573 0.060937 0.084507
4 0.841406 0.340376 0.064062 0.079812
4 0.785937 0.60446 0.046875 0.08216
4 0.667969 0.752347 0.035937 0.068075
4 0.720313 0.640845 0.040625 0.075117
4 0.34375 0.921362 0.053125 0.06338
4 0.38125 0.798122 0.04375 0.079812
4 0.484375 0.706573 0.065625 0.107981
4 0.532031 0.651408 0.067187 0.100939
4 0.629687 0.565728 0.128125 0.14554
4 0.565625 0.508216 0.1 0.100939
