4 0.730897 0.528125 0.063123 0.065625
4 0.569767 0.229687 0.066445 0.06875
4 0.680233 0.227344 0.064784 0.060937
4 0.721761 0.403125 0.068106 0.0625
4 0.807309 0.469531 0.063123 0.067187
4 0.518272 0.274219 0.07309 0.073438
4 0.592193 0.180469 0.068106 0.067187
4 0.884551 0.600781 0.064784 0.067187
4 0.650332 0.584375 0.064784 0.065625
4 0.662791 0.6375 0.063123 0.05625
4 0.662791 0.722656 0.056478 0.054688
4 0.565615 0.723437 0.05814 0.059375
4 0.531561 0.724219 0.026578 0.051562
4 0.488372 0.721094 0.056478 0.060937
4 0.42608 0.740625 0.05814 0.065625
4 0.335548 0.607812 0.063123 0.05625
4 0.158638 0.646094 0.068106 0.064062
4 0.114618 0.333594 0.063123 0.067187
4 0.137874 0.413281 0.059801 0.051562
4 0.219269 0.4625 0.056478 0.059375
4 0.248339 0.26875 0.05814 0.0625
4 0.399502 0.467187 0.064784 0.059375
4 0.555648 0.415625 0.054817 0.05625
