4 0.817969 0.30625 0.235937 0.2625
4 0.66875 0.563889 0.140625 0.244444
4 0.948047 0.65 0.103906 0.266667
4 0.061328 0.029167 0.094531 0.058333
4 0.216016 0.104861 0.139844 0.209722
4 0.038672 0.656944 0.077344 0.175
4 0.142187 0.702778 0.090625 0.158333
4 0.292187 0.847222 0.06875 0.122222
4 0.244922 0.684722 0.092969 0.158333
4 0.325391 0.547917 0.128906 0.218056
4 0.521094 0.804167 0.089063 0.161111
4 0.531641 0.970833 0.074219 0.058333
4 0.770703 0.899306 0.091406 0.1625
4 0.619922 0.188194 0.092969 0.184722
4 0.983984 0.309028 0.032031 0.343056
