4 0.252344 0.758216 0.048438 0.117371
4 0.285938 0.883803 0.065625 0.129108
4 0.815625 0.215962 0.08125 0.15493
4 0.767969 0.330986 0.076563 0.150235
4 0.547656 0.285211 0.070312 0.133803
4 0.507812 0.245305 0.06875 0.115023
4 0.510938 0.380282 0.0625 0.126761
4 0.572656 0.470657 0.060937 0.110329
4 0.713281 0.65493 0.064062 0.103286
4 0.719531 0.775822 0.060937 0.096244
4 0.338281 0.562207 0.073438 0.143192
4 0.271094 0.5223 0.060937 0.100939
4 0.170313 0.643192 0.071875 0.112676
4 0.285938 0.720657 0.053125 0.117371
4 0.28125 0.599765 0.059375 0.115023
4 0.240625 0.642019 0.05625 0.129108
