4 0.523333 0.79625 0.071667 0.090833
4 0.64625 0.968333 0.0525 0.063333
4 0.95125 0.967083 0.070833 0.065833
4 0.922917 0.837917 0.0575 0.060833
4 0.975417 0.82 0.049167 0.073333
4 0.972083 0.708333 0.055833 0.078333
4 0.88375 0.640833 0.075833 0.081667
4 0.725833 0.563333 0.086667 0.098333
4 0.750417 0.615417 0.060833 0.069167
4 0.687917 0.417917 0.095833 0.0725
4 0.602917 0.385833 0.0925 0.093333
4 0.527083 0.440417 0.074167 0.0725
4 0.934583 0.312917 0.0775 0.094167
4 0.995 0.414583 0.01 0.0575
4 0.72 0.1675 0.075 0.078333
4 0.438333 0.2175 0.093333 0.076667
4 0.445 0.36625 0.081667 0.1125
4 0.494583 0.49125 0.0625 0.0825
4 0.459583 0.54625 0.084167 0.1025
4 0.4225 0.595 0.07 0.075
4 0.2275 0.6375 0.076667 0.075
4 0.186667 0.7225 0.041667 0.043333
4 0.161667 0.75375 0.073333 0.075833
4 0.225 0.8125 0.086667 0.086667
4 0.144167 0.832917 0.046667 0.0575
4 0.28125 0.8125 0.055833 0.078333
4 0.242917 0.839167 0.065833 0.08
4 0.210833 0.929167 0.036667 0.045
4 0.216667 0.959167 0.038333 0.04
4 0.260417 0.94625 0.049167 0.044167
4 0.24 0.983333 0.043333 0.033333
4 0.008333 0.758333 0.016667 0.046667
4 0.0625 0.655833 0.125 0.105
4 0.1075 0.55625 0.068333 0.084167
4 0.173333 0.541667 0.046667 0.053333
4 0.180417 0.57375 0.049167 0.0475
4 0.21875 0.50625 0.0525 0.064167
4 0.187083 0.446667 0.090833 0.081667
4 0.134583 0.456667 0.060833 0.075
4 0.125833 0.485833 0.055 0.063333
4 0.205417 0.259583 0.064167 0.0625
