4 0.642969 0.588194 0.026562 0.054167
4 0.064062 0.683333 0.040625 0.075
4 0.308594 0.636111 0.051562 0.083333
4 0.360156 0.969444 0.046875 0.061111
4 0.375 0.915972 0.046875 0.0875
4 0.478125 0.852778 0.03125 0.063889
4 0.533594 0.758333 0.029687 0.075
4 0.491406 0.755556 0.057813 0.097222
4 0.577344 0.685417 0.051562 0.104167
4 0.6625 0.670833 0.042188 0.061111
4 0.805859 0.600694 0.022656 0.040278
4 0.763281 0.50625 0.045312 0.070833
4 0.664062 0.490972 0.045312 0.095833
4 0.752734 0.343056 0.028906 0.047222
4 0.787109 0.1 0.041406 0.075
