4 0.671875 0.306338 0.034375 0.068075
4 0.65625 0.406103 0.034375 0.051643
4 0.722656 0.178404 0.029687 0.042254
4 0.782031 0.67723 0.026562 0.035211
4 0.575781 0.684272 0.023438 0.039906
4 0.6 0.400235 0.03125 0.07277
4 0.588281 0.543427 0.039062 0.049296
4 0.500781 0.53169 0.023438 0.035211
4 0.449219 0.61385 0.048438 0.077465
4 0.430469 0.681925 0.026562 0.039906
4 0.553125 0.311033 0.046875 0.105634
4 0.636719 0.327465 0.026562 0.049296
4 0.389062 0.720657 0.03125 0.046948
4 0.390625 0.803991 0.025 0.044601
4 0.329688 0.872066 0.040625 0.053991
4 0.299219 0.671362 0.029687 0.046948
4 0.499219 0.974178 0.029687 0.051643
4 0.407031 0.56338 0.048438 0.056338
4 0.442188 0.488263 0.040625 0.061033
4 0.404687 0.428404 0.034375 0.058685
4 0.369531 0.473005 0.032813 0.044601
4 0.346875 0.56338 0.021875 0.042254
4 0.28125 0.421362 0.03125 0.044601
4 0.349219 0.367371 0.029687 0.049296
4 0.445312 0.370892 0.028125 0.046948
4 0.479687 0.403756 0.025 0.042254
4 0.335156 0.232394 0.076563 0.061033
4 0.397656 0.239437 0.029687 0.046948
4 0.336719 0.17723 0.029687 0.049296
4 0.378125 0.125587 0.028125 0.044601
4 0.465625 0.129108 0.04375 0.042254
4 0.458594 0.181925 0.023438 0.039906
4 0.420312 0.025822 0.028125 0.042254
4 0.330469 0.026995 0.032813 0.053991
4 0.211719 0.038732 0.042188 0.06338
4 0.130469 0.023474 0.039062 0.046948
4 0.572656 0.158451 0.026562 0.044601
