4 0.546484 0.276389 0.021094 0.033333
4 0.729688 0.499306 0.045312 0.073611
4 0.596875 0.283333 0.014063 0.027778
4 0.594141 0.335417 0.017969 0.031944
4 0.563672 0.344444 0.016406 0.036111
4 0.041406 0.602778 0.026562 0.05
4 0.573438 0.251389 0.015625 0.027778
4 0.642188 0.461111 0.01875 0.033333
4 0.537109 0.442361 0.033594 0.073611
4 0.508984 0.563194 0.019531 0.040278
4 0.516797 0.743056 0.022656 0.044444
4 0.534375 0.756944 0.021875 0.044444
4 0.50625 0.80625 0.020313 0.040278
4 0.15 0.574306 0.026562 0.045833
4 0.121094 0.673611 0.026562 0.041667
4 0.428906 0.528472 0.021875 0.040278
4 0.370703 0.513194 0.033594 0.056944
4 0.351562 0.590972 0.071875 0.1375
4 0.401172 0.566667 0.019531 0.036111
4 0.277734 0.482639 0.044531 0.065278
4 0.349609 0.345139 0.060156 0.098611
4 0.282422 0.353472 0.013281 0.029167
4 0.389062 0.126389 0.021875 0.075
4 0.358984 0.19375 0.019531 0.034722
4 0.395313 0.227083 0.020313 0.056944
4 0.422656 0.215278 0.032813 0.038889
4 0.421484 0.276389 0.019531 0.052778
4 0.448437 0.258333 0.01875 0.033333
4 0.433594 0.375 0.015625 0.036111
4 0.449219 0.410417 0.017188 0.0375
4 0.488672 0.261111 0.024219 0.075
4 0.482422 0.350694 0.022656 0.054167
4 0.504297 0.402083 0.021094 0.059722
4 0.480469 0.433333 0.020313 0.036111
4 0.508984 0.313889 0.016406 0.033333
4 0.532422 0.325694 0.021094 0.031944
