4 0.523047 0.402083 0.042969 0.048611
4 0.230859 0.475694 0.060156 0.090278
4 0.795703 0.160417 0.044531 0.0875
4 0.880078 0.55 0.039844 0.088889
4 0.735156 0.684722 0.032813 0.036111
4 0.669531 0.60625 0.05 0.045833
4 0.596875 0.51875 0.045312 0.070833
4 0.478125 0.554861 0.071875 0.148611
4 0.345703 0.299306 0.032031 0.054167
4 0.577734 0.2625 0.097656 0.222222
4 0.678516 0.853472 0.061719 0.084722
4 0.558594 0.904167 0.032813 0.066667
4 0.526172 0.813889 0.032031 0.038889
4 0.464844 0.791667 0.028125 0.072222
4 0.382422 0.798611 0.032031 0.083333
4 0.441797 0.696528 0.050781 0.145833
4 0.262891 0.668056 0.041406 0.105556
4 0.225391 0.609722 0.039844 0.177778
4 0.166406 0.641667 0.073438 0.15
