4 0.834722 0.507812 0.038889 0.023438
4 0.786806 0.489844 0.018056 0.0125
4 0.659722 0.492969 0.019444 0.010937
4 0.604167 0.498437 0.016667 0.010937
4 0.601389 0.485938 0.022222 0.014063
4 0.520139 0.505078 0.020833 0.013281
4 0.092361 0.683203 0.015278 0.010156
4 0.163194 0.603516 0.015278 0.008594
4 0.272917 0.586328 0.015278 0.011719
4 0.296528 0.599609 0.0125 0.008594
4 0.423611 0.614453 0.013889 0.007031
4 0.373611 0.607031 0.016667 0.009375
4 0.338889 0.582031 0.013889 0.007812
4 0.420833 0.589453 0.013889 0.008594
4 0.411111 0.564063 0.016667 0.009375
4 0.476389 0.545312 0.013889 0.007812
4 0.425694 0.527734 0.015278 0.010156
4 0.295833 0.528906 0.016667 0.009375
4 0.320139 0.494922 0.018056 0.010156
4 0.479861 0.334375 0.026389 0.014063
4 0.593056 0.423438 0.019444 0.010937
4 0.599306 0.451172 0.020833 0.010156
4 0.752083 0.430859 0.023611 0.013281
4 0.690972 0.407422 0.020833 0.011719
4 0.667361 0.391406 0.020833 0.014063
4 0.834722 0.380859 0.019444 0.011719
4 0.86875 0.361328 0.020833 0.013281
4 0.840278 0.416016 0.025 0.016406
4 0.91875 0.448828 0.015278 0.011719
4 0.947222 0.477734 0.013889 0.011719
