4 0.439844 0.903292 0.154688 0.193416
4 0.573438 0.932099 0.134375 0.135802
4 0.548438 0.795267 0.10625 0.216049
4 0.688281 0.728395 0.217188 0.333333
4 0.686719 0.902263 0.201563 0.183128
4 0.742188 0.972222 0.171875 0.055556
4 0.8625 0.912551 0.1625 0.174897
4 0.869531 0.799383 0.160938 0.203704
4 0.896094 0.671811 0.207813 0.335391
4 0.964844 0.924897 0.070312 0.150206
4 0.877344 0.320988 0.245312 0.386831
4 0.969531 0.471193 0.060937 0.1893
4 0.778906 0.361111 0.126562 0.335391
4 0.636719 0.302469 0.235937 0.427984
4 0.432812 0.423868 0.225 0.337449
4 0.609375 0.494856 0.165625 0.203704
4 0.439063 0.722222 0.153125 0.209877
4 0.442188 0.609053 0.1375 0.102881
4 0.558594 0.643004 0.129688 0.211934
4 0.2625 0.606996 0.2375 0.36214
4 0.314063 0.828189 0.203125 0.244856
