4 0.430469 0.608333 0.054688 0.1
4 0.396875 0.631944 0.046875 0.088889
4 0.471094 0.674306 0.05 0.073611
4 0.491016 0.605556 0.063281 0.091667
4 0.498437 0.677778 0.034375 0.063889
4 0.529687 0.644444 0.034375 0.069444
4 0.428516 0.694444 0.039844 0.075
4 0.425 0.450694 0.053125 0.101389
4 0.450391 0.375 0.055469 0.097222
4 0.507812 0.415972 0.048438 0.084722
4 0.513281 0.497917 0.064062 0.090278
4 0.527344 0.570139 0.048438 0.081944
4 0.384375 0.511111 0.053125 0.080556
4 0.358203 0.588889 0.038281 0.075
4 0.395703 0.572917 0.046094 0.065278
4 0.428516 0.53125 0.041406 0.059722
4 0.467578 0.540278 0.046094 0.088889
4 0.453906 0.484722 0.05 0.105556
