4 0.679167 0.357812 0.086111 0.046875
4 0.635417 0.303516 0.120833 0.082031
4 0.559722 0.310156 0.102778 0.067187
4 0.690278 0.325 0.111111 0.051562
4 0.656944 0.376953 0.094444 0.049219
4 0.597222 0.371484 0.069444 0.052344
4 0.561111 0.375391 0.083333 0.049219
4 0.549306 0.401953 0.109722 0.041406
4 0.722917 0.39375 0.054167 0.040625
4 0.679167 0.411328 0.091667 0.044531
4 0.628472 0.429297 0.081944 0.057031
4 0.584028 0.429688 0.059722 0.054688
4 0.586806 0.466016 0.076389 0.036719
4 0.678472 0.442969 0.056944 0.021875
