4 0.873437 0.280516 0.025 0.035211
4 0.16875 0.397887 0.028125 0.044601
4 0.310156 0.420188 0.023438 0.056338
4 0.241406 0.434272 0.026562 0.046948
4 0.127344 0.437793 0.026562 0.049296
4 0.153125 0.489437 0.0375 0.053991
4 0.167969 0.558685 0.035937 0.046948
4 0.153125 0.625587 0.028125 0.044601
4 0.094531 0.618545 0.029687 0.044601
4 0.440625 0.056338 0.025 0.046948
4 0.441406 0.125587 0.026562 0.049296
4 0.464062 0.183099 0.028125 0.042254
4 0.495312 0.320423 0.028125 0.044601
4 0.55625 0.211268 0.025 0.046948
4 0.673438 0.347418 0.021875 0.042254
4 0.604688 0.312207 0.021875 0.037559
4 0.605469 0.366197 0.026562 0.042254
4 0.658594 0.461268 0.026562 0.039906
4 0.528125 0.435446 0.028125 0.039906
4 0.441406 0.462441 0.023438 0.042254
4 0.324219 0.261737 0.026562 0.044601
4 0.189844 0.381455 0.023438 0.039906
4 0.339844 0.338028 0.026562 0.051643
4 0.232813 0.294601 0.04375 0.049296
