4 0.223438 0.388542 0.009375 0.010417
4 0.563281 0.270833 0.064062 0.054167
4 0.480469 0.320833 0.010937 0.0125
4 0.653906 0.405208 0.039062 0.052083
4 0.598437 0.40625 0.0375 0.05
4 0.553906 0.402083 0.017188 0.025
4 0.577344 0.422917 0.029687 0.05
4 0.535156 0.439583 0.023438 0.033333
4 0.589063 0.473958 0.034375 0.04375
4 0.652344 0.483333 0.048438 0.05
4 0.560937 0.530208 0.046875 0.039583
4 0.68125 0.519792 0.04375 0.04375
4 0.878125 0.619792 0.0375 0.04375
4 0.9125 0.694792 0.0625 0.052083
4 0.974219 0.759375 0.029687 0.04375
4 0.924219 0.8375 0.092188 0.075
4 0.83125 0.755208 0.025 0.039583
4 0.769531 0.754167 0.023438 0.033333
4 0.790625 0.752083 0.01875 0.0375
4 0.730469 0.786458 0.060937 0.06875
4 0.716406 0.8375 0.104688 0.079167
4 0.664062 0.797917 0.028125 0.045833
4 0.644531 0.833333 0.026562 0.0375
4 0.582812 0.833333 0.025 0.058333
4 0.529687 0.767708 0.040625 0.05625
4 0.475781 0.8 0.029687 0.045833
4 0.322656 0.719792 0.010937 0.027083
4 0.221094 0.634375 0.045312 0.064583
4 0.155469 0.783333 0.029687 0.033333
4 0.186719 0.786458 0.029687 0.03125
4 0.138281 0.801042 0.014063 0.022917
4 0.078125 0.829167 0.053125 0.070833
4 0.032031 0.809375 0.048438 0.077083
4 0.097656 0.669792 0.051562 0.039583
4 0.014063 0.535417 0.028125 0.041667
4 0.100781 0.434375 0.042188 0.072917
4 0.203125 0.421875 0.034375 0.04375
4 0.211719 0.369792 0.017188 0.022917
4 0.236719 0.338542 0.020313 0.022917
4 0.374219 0.353125 0.017188 0.022917
4 0.378125 0.583333 0.021875 0.029167
4 0.522656 0.659375 0.026562 0.039583
4 0.716406 0.7 0.020313 0.029167
