4 0.328125 0.423709 0.10625 0.157277
4 0.857031 0.219484 0.101562 0.105634
4 0.852344 0.346244 0.042188 0.07277
4 0.586719 0.234742 0.057813 0.098592
4 0.492188 0.309859 0.059375 0.107981
4 0.525 0.449531 0.05625 0.091549
4 0.6375 0.511737 0.0375 0.056338
4 0.680469 0.58216 0.039062 0.065728
4 0.478906 0.549296 0.029687 0.042254
4 0.398438 0.688967 0.03125 0.053991
4 0.242188 0.561033 0.040625 0.051643
4 0.210938 0.64554 0.05625 0.079812
4 0.135937 0.471831 0.040625 0.056338
4 0.186719 0.298122 0.079687 0.089202
