4 0.716016 0.277778 0.075781 0.119444
4 0.092578 0.597917 0.089844 0.156944
4 0.185156 0.439583 0.0625 0.145833
4 0.191016 0.279861 0.091406 0.1375
4 0.309375 0.085417 0.182812 0.170833
4 0.446484 0.086806 0.064844 0.173611
4 0.560547 0.297917 0.050781 0.084722
4 0.50625 0.407639 0.042188 0.123611
4 0.472266 0.439583 0.055469 0.0875
4 0.690234 0.209028 0.078906 0.123611
4 0.748047 0.352083 0.080469 0.118056
4 0.859766 0.445139 0.077344 0.118056
4 0.866016 0.299306 0.069531 0.1375
4 0.910547 0.359722 0.050781 0.138889
