4 0.0625 0.153756 0.03125 0.053991
4 0.525 0.833333 0.025 0.042254
4 0.253906 0.192488 0.029687 0.051643
4 0.242188 0.420188 0.034375 0.046948
4 0.173437 0.424883 0.028125 0.051643
4 0.083594 0.482394 0.026562 0.053991
4 0.269531 0.470657 0.029687 0.044601
4 0.314844 0.498826 0.029687 0.053991
4 0.225 0.611502 0.028125 0.053991
4 0.421094 0.333333 0.042188 0.089202
4 0.460156 0.191315 0.032813 0.049296
4 0.516406 0.397887 0.032813 0.049296
4 0.534375 0.492958 0.034375 0.065728
4 0.464062 0.546948 0.028125 0.051643
4 0.55 0.585681 0.025 0.053991
4 0.573438 0.534038 0.028125 0.053991
4 0.680469 0.565728 0.026562 0.051643
4 0.725 0.539906 0.04375 0.061033
4 0.778125 0.544601 0.034375 0.051643
4 0.822656 0.406103 0.029687 0.046948
4 0.858594 0.387324 0.029687 0.046948
4 0.075 0.833333 0.028125 0.051643
4 0.25 0.765258 0.025 0.051643
4 0.315625 0.751174 0.028125 0.042254
4 0.471094 0.784038 0.026562 0.051643
4 0.435156 0.948357 0.026562 0.046948
4 0.169531 0.309859 0.029687 0.056338
4 0.95 0.616197 0.034375 0.053991
4 0.902344 0.890845 0.026562 0.049296
4 0.9375 0.069249 0.028125 0.044601
