4 0.768056 0.407031 0.033333 0.023438
4 0.642361 0.348438 0.056944 0.048438
4 0.600694 0.336719 0.0625 0.023438
4 0.589583 0.309766 0.059722 0.042969
4 0.613889 0.363281 0.108333 0.046875
4 0.61875 0.291016 0.106944 0.067969
4 0.706944 0.276953 0.116667 0.083594
4 0.703472 0.342187 0.081944 0.05625
4 0.747917 0.304297 0.065278 0.025781
4 0.75 0.332031 0.066667 0.042188
4 0.786111 0.373047 0.055556 0.042969
4 0.748611 0.375391 0.080556 0.042969
4 0.729861 0.416406 0.070833 0.040625
4 0.70625 0.39375 0.090278 0.05
4 0.710417 0.443359 0.0375 0.028906
4 0.658333 0.449219 0.077778 0.04375
4 0.663194 0.407422 0.073611 0.053906
4 0.609722 0.391016 0.111111 0.033594
