4 0.424609 0.766667 0.042969 0.066667
4 0.475391 0.526389 0.038281 0.066667
4 0.296094 0.8 0.034375 0.063889
4 0.484766 0.607639 0.086719 0.076389
4 0.345313 0.827083 0.04375 0.081944
4 0.301953 0.868056 0.041406 0.069444
4 0.419922 0.891667 0.102344 0.083333
4 0.353906 0.919444 0.034375 0.063889
4 0.340234 0.98125 0.039844 0.0375
4 0.230469 0.547917 0.035937 0.079167
4 0.016016 0.570833 0.032031 0.063889
4 0.084766 0.603472 0.039844 0.0625
4 0.145703 0.642361 0.036719 0.068056
4 0.034375 0.729167 0.040625 0.069444
4 0.043359 0.835417 0.032031 0.073611
4 0.378125 0.383333 0.070312 0.1
4 0.395703 0.294444 0.049219 0.080556
4 0.309766 0.24375 0.050781 0.081944
4 0.2625 0.325694 0.0375 0.076389
4 0.146094 0.377083 0.0375 0.059722
4 0.058594 0.3875 0.040625 0.077778
4 0.098437 0.236111 0.05 0.066667
4 0.480859 0.136806 0.169531 0.145833
4 0.649609 0.135417 0.058594 0.0875
4 0.715625 0.039583 0.065625 0.079167
4 0.952344 0.330556 0.095312 0.097222
4 0.689453 0.365278 0.049219 0.094444
4 0.68125 0.593056 0.040625 0.072222
4 0.810937 0.859722 0.059375 0.094444
4 0.792188 0.981944 0.054688 0.036111
4 0.543359 0.953472 0.052344 0.093056
4 0.566016 0.636111 0.038281 0.072222
4 0.469141 0.460417 0.089844 0.1625
4 0.542188 0.516667 0.039062 0.080556
4 0.401562 0.566667 0.084375 0.083333
