4 0.387109 0.059722 0.038281 0.072222
4 0.229687 0.031944 0.040625 0.063889
4 0.317578 0.098611 0.024219 0.05
4 0.423438 0.510417 0.020313 0.043056
4 0.464844 0.430556 0.025 0.052778
4 0.427344 0.181944 0.025 0.052778
4 0.408594 0.236111 0.04375 0.077778
4 0.455078 0.294444 0.032031 0.066667
4 0.534375 0.203472 0.029687 0.065278
4 0.640625 0.099306 0.035937 0.068056
4 0.603125 0.313889 0.029687 0.063889
4 0.636328 0.290278 0.036719 0.055556
4 0.725391 0.238194 0.030469 0.068056
4 0.690625 0.227778 0.039062 0.075
4 0.825391 0.355556 0.033594 0.069444
4 0.682031 0.468056 0.0375 0.072222
4 0.829688 0.667361 0.021875 0.048611
4 0.724609 0.590972 0.025781 0.056944
4 0.656641 0.609028 0.032031 0.054167
4 0.271484 0.7375 0.044531 0.091667
4 0.628516 0.625 0.024219 0.052778
4 0.303125 0.364583 0.04375 0.0875
4 0.235937 0.331944 0.040625 0.086111
4 0.163281 0.309722 0.040625 0.083333
