4 0.338889 0.538672 0.033333 0.014844
4 0.614583 0.526953 0.029167 0.019531
4 0.534028 0.532422 0.023611 0.017969
4 0.567361 0.459375 0.079167 0.042188
4 0.615972 0.372656 0.0375 0.026562
4 0.459722 0.330859 0.041667 0.022656
4 0.546528 0.230078 0.043056 0.028906
4 0.713194 0.255078 0.043056 0.025781
4 0.931944 0.244922 0.044444 0.025781
4 0.834722 0.322656 0.041667 0.025
4 0.968056 0.423047 0.063889 0.039844
4 0.802083 0.466797 0.048611 0.028906
4 0.920139 0.578516 0.068056 0.039844
4 0.279861 0.603906 0.029167 0.017188
4 0.185417 0.587891 0.029167 0.016406
4 0.401389 0.645312 0.05 0.034375
4 0.357639 0.670312 0.020833 0.014063
4 0.277778 0.690234 0.025 0.014844
4 0.313889 0.709375 0.025 0.014063
4 0.209722 0.676172 0.030556 0.017969
4 0.256944 0.788672 0.025 0.014844
4 0.476389 0.727344 0.027778 0.020313
4 0.495139 0.557422 0.023611 0.016406
4 0.215972 0.491797 0.029167 0.017969
