4 0.170313 0.448611 0.028125 0.055556
4 0.239063 0.410417 0.040625 0.084722
4 0.308594 0.431944 0.032813 0.069444
4 0.331641 0.470139 0.041406 0.093056
4 0.363672 0.3625 0.041406 0.088889
4 0.457813 0.378472 0.032813 0.090278
4 0.427344 0.511111 0.020313 0.044444
4 0.321094 0.163889 0.025 0.05
4 0.335156 0.2125 0.035937 0.069444
4 0.426953 0.227083 0.028906 0.059722
4 0.511719 0.229167 0.029687 0.066667
4 0.604688 0.070139 0.035937 0.073611
4 0.589063 0.154167 0.034375 0.063889
4 0.605859 0.277778 0.032031 0.058333
4 0.571875 0.307639 0.03125 0.056944
4 0.680469 0.252778 0.03125 0.069444
4 0.698047 0.329167 0.039844 0.083333
4 0.830859 0.3875 0.033594 0.069444
4 0.690234 0.547222 0.035156 0.075
4 0.649219 0.591667 0.0375 0.069444
4 0.743359 0.618056 0.027344 0.055556
4 0.294141 0.752083 0.046094 0.093056
4 0.224219 0.178472 0.059375 0.079167
4 0.207813 0.348611 0.026562 0.052778
