4 0.599219 0.314583 0.373437 0.375
4 0.375781 0.663542 0.073438 0.085417
4 0.232813 0.692708 0.01875 0.027083
4 0.2625 0.690625 0.01875 0.022917
4 0.3 0.733333 0.01875 0.029167
4 0.6625 0.754167 0.025 0.045833
4 0.63125 0.739583 0.009375 0.016667
4 0.586719 0.796875 0.020313 0.027083
4 0.559375 0.846875 0.01875 0.027083
4 0.608594 0.611458 0.076563 0.14375
4 0.742969 0.554167 0.064062 0.0875
4 0.014063 0.154167 0.015625 0.025
4 0.086719 0.164583 0.023438 0.033333
4 0.277344 0.347917 0.270313 0.445833
4 0.892969 0.382292 0.214062 0.510417
4 0.971875 0.753125 0.025 0.047917
4 0.975 0.840625 0.05 0.06875
4 0.317188 0.619792 0.009375 0.014583
4 0.410156 0.609375 0.007812 0.010417
4 0.311719 0.8625 0.017188 0.025
