4 0.517969 0.453906 0.073438 0.070312
4 0.561719 0.338281 0.076563 0.085938
4 0.700781 0.290625 0.045312 0.090625
4 0.459375 0.453125 0.046875 0.040625
4 0.539062 0.396875 0.071875 0.071875
4 0.445312 0.115625 0.084375 0.0875
4 0.521875 0.172656 0.09375 0.110937
4 0.591406 0.153125 0.079687 0.0875
4 0.686719 0.2 0.085938 0.1
4 0.433594 0.195312 0.089063 0.09375
4 0.357812 0.220312 0.090625 0.090625
4 0.448437 0.291406 0.09375 0.123438
4 0.584375 0.250781 0.09375 0.114062
4 0.651563 0.304688 0.090625 0.109375
4 0.507031 0.285938 0.064062 0.11875
4 0.319531 0.275781 0.060937 0.070312
4 0.3875 0.297656 0.075 0.110937
4 0.332031 0.361719 0.089063 0.101562
4 0.322656 0.434375 0.082812 0.078125
4 0.4 0.452344 0.075 0.079687
4 0.452344 0.508594 0.076563 0.079687
4 0.553125 0.522656 0.071875 0.076563
4 0.650781 0.503906 0.082812 0.085938
4 0.68125 0.417969 0.084375 0.089063
4 0.707812 0.34375 0.059375 0.06875
4 0.633594 0.372656 0.076563 0.067187
4 0.603906 0.444531 0.085938 0.095312
4 0.403125 0.379688 0.059375 0.059375
4 0.457031 0.399219 0.079687 0.073438
