4 0.759375 0.366197 0.0125 0.018779
4 0.8875 0.279343 0.021875 0.032864
4 0.925 0.032864 0.046875 0.065728
4 0.75625 0.053991 0.0375 0.061033
4 0.722656 0.026995 0.032813 0.053991
4 0.636719 0.116197 0.023438 0.039906
4 0.464062 0.129108 0.021875 0.037559
4 0.572656 0.004695 0.023438 0.00939
4 0.51875 0.292254 0.021875 0.035211
4 0.419531 0.374413 0.026562 0.039906
4 0.198437 0.253521 0.025 0.037559
4 0.889844 0.210094 0.045312 0.07277
4 0.021094 0.408451 0.023438 0.042254
4 0.029687 0.450704 0.03125 0.037559
4 0.100781 0.88615 0.026562 0.030516
4 0.103125 0.916667 0.021875 0.035211
4 0.334375 0.691315 0.03125 0.053991
4 0.571094 0.816901 0.023438 0.037559
4 0.6625 0.64554 0.025 0.037559
4 0.759375 0.802817 0.028125 0.046948
4 0.775781 0.828638 0.023438 0.042254
4 0.772656 0.943662 0.023438 0.032864
4 0.927344 0.812207 0.029687 0.042254
4 0.990625 0.692488 0.01875 0.065728
4 0.939063 0.50939 0.028125 0.042254
4 0.851562 0.441315 0.028125 0.046948
4 0.924219 0.376761 0.045312 0.08216
4 0.746094 0.39554 0.023438 0.039906
4 0.710938 0.387324 0.05 0.061033
