4 0.485938 0.442488 0.053125 0.124413
4 0.307031 0.401408 0.104688 0.150235
4 0.283594 0.524648 0.176563 0.190141
4 0.425 0.320423 0.159375 0.180751
4 0.530469 0.442488 0.076563 0.129108
4 0.405469 0.448357 0.139063 0.187793
4 0.442188 0.576291 0.115625 0.157277
4 0.527344 0.57277 0.085938 0.140845
4 0.599219 0.676056 0.095312 0.159624
4 0.501563 0.705399 0.1125 0.171362
4 0.4 0.737089 0.096875 0.140845
4 0.33125 0.704225 0.146875 0.192488
4 0.416406 0.838028 0.126562 0.192488
4 0.470313 0.880282 0.09375 0.169014
4 0.55625 0.88615 0.090625 0.152582
