4 0.539583 0.510547 0.1125 0.067969
4 0.495833 0.317578 0.15 0.133594
4 0.582639 0.301953 0.129167 0.103906
4 0.436806 0.280469 0.154167 0.09375
4 0.398611 0.325 0.275 0.101562
4 0.454167 0.391016 0.127778 0.071094
4 0.573611 0.392969 0.127778 0.08125
4 0.372222 0.44375 0.127778 0.06875
4 0.353472 0.4875 0.129167 0.057813
4 0.442361 0.510156 0.123611 0.082812
4 0.494444 0.453906 0.119444 0.067187
4 0.615278 0.466406 0.136111 0.071875
4 0.728472 0.473828 0.126389 0.069531
4 0.642361 0.523438 0.1125 0.057813
