4 0.962891 0.640972 0.074219 0.168056
4 0.963281 0.554167 0.073438 0.1
4 0.921875 0.35625 0.15625 0.254167
4 0.245312 0.655556 0.082812 0.161111
4 0.335156 0.659028 0.134375 0.2375
4 0.299609 0.800694 0.067969 0.109722
4 0.579297 0.94375 0.075781 0.1125
4 0.639844 0.980556 0.05625 0.038889
4 0.69375 0.959028 0.05625 0.081944
4 0.806641 0.810417 0.092969 0.168056
4 0.135937 0.717361 0.092188 0.170833
4 0.014063 0.679861 0.028125 0.156944
4 0.132812 0.159722 0.109375 0.205556
4 0.09375 0.114583 0.134375 0.226389
