4 0.654861 0.494922 0.095833 0.063281
4 0.484028 0.019531 0.1125 0.039062
4 0.509722 0.210156 0.116667 0.079687
4 0.859722 0.330078 0.130556 0.088281
4 0.855556 0.446484 0.088889 0.063281
4 0.376389 0.523828 0.075 0.052344
4 0.266667 0.511719 0.080556 0.05625
4 0.040972 0.459766 0.081944 0.078906
4 0.309722 0.290234 0.141667 0.102344
4 0.244444 0.367969 0.1 0.067187
4 0.408333 0.410156 0.097222 0.067187
4 0.505556 0.382812 0.127778 0.085938
4 0.603472 0.487109 0.073611 0.055469
4 0.684028 0.600781 0.084722 0.057813
