4 0.255859 0.245833 0.042969 0.086111
4 0.232422 0.674306 0.044531 0.095833
4 0.384375 0.677083 0.023438 0.054167
4 0.413672 0.518056 0.019531 0.041667
4 0.449219 0.515278 0.021875 0.055556
4 0.609375 0.6625 0.026562 0.052778
4 0.660937 0.644444 0.029687 0.055556
4 0.707031 0.574306 0.026562 0.056944
4 0.684375 0.394444 0.039062 0.072222
4 0.660547 0.334722 0.035156 0.058333
4 0.608984 0.327083 0.025781 0.059722
4 0.828516 0.328472 0.032031 0.068056
4 0.730078 0.1625 0.039844 0.072222
4 0.741406 0.223611 0.032813 0.061111
4 0.651563 0.099306 0.032813 0.065278
4 0.507031 0.213194 0.070312 0.076389
4 0.448828 0.233333 0.030469 0.066667
4 0.408203 0.180556 0.025781 0.052778
4 0.44375 0.022222 0.039062 0.044444
4 0.301172 0.065278 0.024219 0.052778
4 0.310547 0.265972 0.044531 0.079167
4 0.307422 0.338194 0.030469 0.065278
4 0.171875 0.233333 0.029687 0.05
4 0.138672 0.252778 0.028906 0.05
