4 0.601172 0.270833 0.107031 0.241667
4 0.482812 0.882639 0.125 0.234722
4 0.409766 0.754167 0.113281 0.247222
4 0.513672 0.759722 0.092969 0.244444
4 0.579297 0.861111 0.091406 0.263889
4 0.680859 0.832639 0.071094 0.290278
4 0.644141 0.78125 0.100781 0.279167
4 0.554297 0.644444 0.121094 0.255556
4 0.471484 0.547917 0.116406 0.240278
4 0.618359 0.464583 0.114844 0.226389
4 0.46875 0.229861 0.060937 0.115278
4 0.464062 0.097917 0.042188 0.093056
4 0.437109 0.040278 0.099219 0.080556
4 0.505469 0.334028 0.103125 0.220833
