4 0.333594 0.416667 0.048438 0.044601
4 0.657031 0.09507 0.032813 0.06338
4 0.702344 0.068075 0.054688 0.089202
4 0.475 0.295775 0.059375 0.084507
4 0.398438 0.280516 0.028125 0.049296
4 0.264844 0.241784 0.048438 0.065728
4 0.278125 0.39554 0.04375 0.058685
4 0.398438 0.375587 0.040625 0.065728
4 0.421875 0.426056 0.0375 0.049296
4 0.476562 0.451878 0.034375 0.053991
4 0.323437 0.453052 0.034375 0.065728
4 0.617969 0.126761 0.035937 0.061033
4 0.371875 0.444836 0.04375 0.06338
4 0.299219 0.549296 0.048438 0.061033
4 0.307812 0.579812 0.046875 0.061033
4 0.319531 0.652582 0.064062 0.107981
4 0.185156 0.698357 0.023438 0.044601
4 0.220312 0.724178 0.059375 0.115023
4 0.14375 0.535211 0.046875 0.093897
4 0.150781 0.734742 0.023438 0.037559
4 0.057031 0.691315 0.032813 0.058685
4 0.078125 0.776995 0.065625 0.098592
4 0.132031 0.788732 0.014063 0.023474
4 0.117969 0.842723 0.035937 0.061033
4 0.140625 0.900235 0.065625 0.110329
4 0.035937 0.901408 0.021875 0.042254
4 0.049219 0.954225 0.029687 0.049296
4 0.115625 0.937793 0.028125 0.044601
4 0.28125 0.922535 0.071875 0.107981
4 0.341406 0.856808 0.032813 0.056338
4 0.419531 0.913146 0.023438 0.042254
4 0.446875 0.941315 0.021875 0.032864
4 0.433594 0.99061 0.064062 0.018779
4 0.480469 0.973005 0.067187 0.053991
4 0.521094 0.975352 0.029687 0.049296
4 0.546875 0.928404 0.03125 0.044601
4 0.525 0.876761 0.053125 0.08216
4 0.467969 0.833333 0.023438 0.042254
4 0.452344 0.757042 0.032813 0.039906
4 0.392969 0.653756 0.032813 0.053991
4 0.420312 0.643192 0.053125 0.079812
4 0.434375 0.570423 0.071875 0.103286
4 0.4375 0.517606 0.040625 0.035211
4 0.594531 0.748826 0.060937 0.098592
4 0.642188 0.700704 0.053125 0.096244
4 0.659375 0.821596 0.021875 0.032864
4 0.700781 0.773474 0.032813 0.049296
4 0.682031 0.624413 0.023438 0.046948
4 0.709375 0.593897 0.034375 0.051643
4 0.870313 0.338028 0.078125 0.079812
4 0.775781 0.366197 0.029687 0.051643
4 0.739062 0.279343 0.040625 0.084507
4 0.740625 0.183099 0.04375 0.056338
4 0.696875 0.36385 0.034375 0.117371
4 0.590625 0.275822 0.03125 0.068075
4 0.625781 0.294601 0.029687 0.044601
4 0.638281 0.368545 0.082812 0.117371
4 0.574219 0.475352 0.032813 0.044601
4 0.610156 0.021127 0.035937 0.042254
4 0.532031 0.008216 0.035937 0.016432
4 0.439844 0.085681 0.048438 0.068075
4 0.482031 0.10446 0.035937 0.06338
4 0.509375 0.091549 0.028125 0.046948
4 0.539844 0.174883 0.039062 0.06338
4 0.507812 0.174883 0.0375 0.07277
4 0.471875 0.199531 0.040625 0.070423
