4 0.167187 0.375 0.065625 0.1125
4 0.251563 0.321875 0.06875 0.10625
4 0.609375 0.134375 0.05 0.077083
4 0.322656 0.426042 0.054688 0.10625
4 0.372656 0.471875 0.085938 0.11875
4 0.316406 0.558333 0.057813 0.070833
4 0.151562 0.436458 0.03125 0.052083
4 0.198437 0.432292 0.065625 0.127083
4 0.167187 0.502083 0.065625 0.104167
4 0.364063 0.405208 0.034375 0.047917
4 0.299219 0.369792 0.042188 0.047917
4 0.264062 0.427083 0.071875 0.1375
4 0.289844 0.53125 0.073438 0.1125
4 0.219531 0.538542 0.064062 0.102083
