4 0.281641 0.163194 0.563281 0.326389
4 0.227344 0.670833 0.454688 0.658333
4 0.462109 0.421528 0.022656 0.045833
4 0.476953 0.483333 0.021094 0.038889
4 0.458594 0.561806 0.045312 0.073611
4 0.463281 0.647917 0.028125 0.059722
4 0.494531 0.421528 0.021875 0.043056
4 0.520703 0.829167 0.130469 0.341667
4 0.55625 0.590278 0.121875 0.15
4 0.541016 0.459722 0.030469 0.069444
4 0.568359 0.513194 0.042969 0.0875
4 0.556641 0.355556 0.049219 0.083333
4 0.599609 0.325694 0.030469 0.048611
4 0.598828 0.397917 0.027344 0.045833
4 0.660156 0.361111 0.0375 0.119444
4 0.564844 0.200694 0.035937 0.070833
4 0.589063 0.125694 0.051562 0.120833
4 0.591797 0.229167 0.024219 0.047222
4 0.647656 0.045139 0.032813 0.0625
4 0.684375 0.054167 0.03125 0.061111
4 0.637891 0.156944 0.036719 0.1
4 0.676953 0.182639 0.060156 0.148611
4 0.680859 0.284028 0.039844 0.076389
4 0.717578 0.363194 0.032031 0.0625
4 0.742969 0.2 0.0375 0.069444
4 0.757422 0.268056 0.039844 0.069444
4 0.746094 0.080556 0.0625 0.161111
4 0.8375 0.152778 0.076563 0.116667
4 0.871094 0.285417 0.040625 0.065278
4 0.9625 0.093056 0.04375 0.069444
