4 0.632031 0.167969 0.151562 0.117188
4 0.503125 0.114844 0.1625 0.179688
4 0.409375 0.184375 0.14375 0.15
4 0.311719 0.294531 0.176563 0.179688
4 0.264062 0.217969 0.153125 0.095312
4 0.226562 0.342187 0.15625 0.159375
4 0.526563 0.4375 0.125 0.090625
4 0.683594 0.434375 0.201563 0.228125
4 0.821875 0.471875 0.203125 0.190625
4 0.760156 0.307812 0.101562 0.1375
4 0.646875 0.271094 0.146875 0.132812
4 0.532031 0.589844 0.217188 0.239063
4 0.529687 0.707812 0.14375 0.084375
4 0.69375 0.653125 0.18125 0.203125
4 0.3625 0.660937 0.178125 0.1875
4 0.203906 0.520312 0.214062 0.178125
4 0.365625 0.486719 0.203125 0.220312
4 0.510156 0.314063 0.192188 0.225
