4 0.822266 0.992361 0.038281 0.015278
4 0.115625 0.248611 0.228125 0.497222
4 0.334375 0.208333 0.209375 0.416667
4 0.713281 0.288194 0.548438 0.576389
4 0.192969 0.714583 0.385937 0.434722
4 0.267188 0.461111 0.06875 0.086111
4 0.373828 0.502778 0.064844 0.161111
4 0.420703 0.4625 0.041406 0.1
4 0.405469 0.682639 0.05 0.143056
4 0.447656 0.5875 0.042188 0.077778
4 0.490625 0.561806 0.051562 0.098611
4 0.464453 0.682639 0.067969 0.081944
4 0.545703 0.678472 0.083594 0.081944
4 0.601172 0.722917 0.044531 0.0875
4 0.619141 0.847222 0.097656 0.141667
4 0.578906 0.9625 0.045312 0.075
4 0.700781 0.909028 0.057813 0.095833
4 0.730859 0.9875 0.074219 0.025
4 0.759766 0.947917 0.047656 0.070833
4 0.861719 0.96875 0.04375 0.0625
4 0.912109 0.9625 0.049219 0.075
4 0.971094 0.989583 0.045312 0.020833
4 0.873437 0.779861 0.035937 0.059722
4 0.632422 0.613889 0.058594 0.091667
4 0.646875 0.703472 0.042188 0.118056
4 0.664062 0.641667 0.026562 0.063889
4 0.703906 0.618056 0.05625 0.080556
4 0.707422 0.76875 0.086719 0.115278
4 0.786719 0.770833 0.042188 0.125
4 0.752344 0.682639 0.040625 0.0625
4 0.765234 0.602083 0.039844 0.059722
4 0.815234 0.620833 0.041406 0.069444
4 0.839453 0.679861 0.067969 0.101389
4 0.883984 0.582639 0.061719 0.098611
4 0.900391 0.625694 0.038281 0.048611
4 0.949219 0.609722 0.042188 0.063889
4 0.925781 0.702778 0.060937 0.083333
