4 0.601562 0.340278 0.03125 0.052778
4 0.622656 0.330556 0.025 0.047222
4 0.643359 0.328472 0.024219 0.045833
4 0.623437 0.297222 0.028125 0.044444
4 0.604688 0.279861 0.028125 0.059722
4 0.596484 0.315972 0.030469 0.040278
4 0.566016 0.315278 0.030469 0.05
4 0.583203 0.36875 0.032031 0.073611
4 0.611328 0.386111 0.030469 0.05
4 0.632422 0.377778 0.028906 0.058333
4 0.65625 0.378472 0.025 0.048611
4 0.642578 0.427083 0.038281 0.0625
4 0.606641 0.444444 0.030469 0.063889
4 0.606641 0.49375 0.022656 0.0375
4 0.580078 0.468056 0.028906 0.080556
4 0.572656 0.411806 0.026562 0.045833
4 0.560937 0.395833 0.034375 0.052778
4 0.555078 0.436806 0.021094 0.045833
4 0.551562 0.368056 0.03125 0.052778
