4 0.958594 0.36385 0.026562 0.032864
4 0.966406 0.553991 0.020313 0.042254
4 0.41875 0.035211 0.021875 0.037559
4 0.353125 0.053991 0.025 0.037559
4 0.264844 0.397887 0.035937 0.06338
4 0.286719 0.361502 0.023438 0.037559
4 0.342969 0.288732 0.026562 0.037559
4 0.428906 0.257042 0.029687 0.039906
4 0.520312 0.305164 0.028125 0.032864
4 0.496875 0.467136 0.034375 0.051643
4 0.499219 0.575117 0.032813 0.056338
4 0.664062 0.879108 0.025 0.039906
4 0.992188 0.944836 0.015625 0.025822
4 0.883594 0.883803 0.023438 0.035211
4 0.888281 0.938967 0.023438 0.028169
4 0.532031 0.011737 0.029687 0.023474
4 0.625781 0.077465 0.032813 0.037559
4 0.839063 0.367371 0.025 0.044601
