4 0.555859 0.160417 0.013281 0.045833
4 0.548438 0.124306 0.017188 0.0375
4 0.529297 0.102778 0.030469 0.058333
4 0.505859 0.129861 0.033594 0.051389
4 0.496484 0.100694 0.027344 0.045833
4 0.469922 0.111806 0.035156 0.065278
4 0.465234 0.259722 0.027344 0.052778
4 0.473047 0.219444 0.033594 0.055556
4 0.453125 0.198611 0.040625 0.058333
4 0.464062 0.166667 0.029687 0.05
4 0.502734 0.19375 0.035156 0.070833
4 0.530469 0.220833 0.026562 0.052778
4 0.498437 0.316667 0.025 0.047222
4 0.494922 0.25 0.030469 0.05
4 0.482422 0.277083 0.028906 0.045833
4 0.523438 0.276389 0.0375 0.069444
4 0.557422 0.265972 0.033594 0.054167
4 0.569531 0.255556 0.029687 0.058333
4 0.549609 0.20625 0.030469 0.059722
4 0.569141 0.206944 0.017969 0.047222
4 0.521094 0.167361 0.03125 0.059722
4 0.539062 0.154167 0.026562 0.05
4 0.492578 0.167361 0.025781 0.040278
