4 0.1875 0.575 0.103125 0.1
4 0.369531 0.483594 0.039062 0.039062
4 0.3125 0.478125 0.078125 0.075
4 0.490625 0.511719 0.053125 0.042188
4 0.566406 0.482031 0.107813 0.135937
4 0.497656 0.453906 0.107813 0.098437
4 0.492969 0.380469 0.117188 0.135937
4 0.404687 0.400781 0.075 0.079687
4 0.417969 0.290625 0.079687 0.103125
4 0.267188 0.207813 0.2375 0.265625
4 0.360938 0.120313 0.1 0.115625
4 0.336719 0.047656 0.048438 0.045312
4 0.047656 0.071094 0.045312 0.057813
4 0.102344 0.053906 0.070312 0.079687
4 0.177344 0.086719 0.060937 0.045312
4 0.111719 0.176563 0.129688 0.165625
4 0.05 0.260937 0.071875 0.05625
4 0.0875 0.320312 0.05 0.046875
4 0.152344 0.330469 0.070312 0.042188
4 0.164844 0.409375 0.129688 0.13125
4 0.267188 0.43125 0.065625 0.071875
4 0.129688 0.517969 0.0625 0.060937
4 0.075 0.580469 0.10625 0.114062
4 0.175 0.650781 0.0625 0.057813
4 0.272656 0.640625 0.045312 0.071875
4 0.360938 0.611719 0.178125 0.220312
4 0.438281 0.69375 0.051562 0.0625
4 0.014844 0.788281 0.029687 0.067187
4 0.097656 0.782813 0.070312 0.084375
4 0.185938 0.836719 0.2125 0.242188
4 0.31875 0.810156 0.0625 0.114062
4 0.440625 0.971094 0.096875 0.057813
4 0.432812 0.901563 0.065625 0.08125
4 0.490625 0.865625 0.084375 0.096875
4 0.501563 0.591406 0.071875 0.082812
4 0.709375 0.60625 0.05 0.053125
4 0.751563 0.55625 0.128125 0.121875
4 0.682031 0.439844 0.229687 0.264062
4 0.621875 0.289062 0.1375 0.14375
4 0.511719 0.288281 0.076563 0.073438
4 0.536719 0.217188 0.039062 0.04375
4 0.454688 0.1875 0.0375 0.04375
4 0.438281 0.099219 0.070312 0.073438
4 0.49375 0.050781 0.08125 0.076563
4 0.567187 0.142187 0.053125 0.053125
4 0.6125 0.065625 0.15 0.13125
4 0.628906 0.213281 0.101562 0.067187
4 0.71875 0.266406 0.053125 0.092188
4 0.792188 0.251563 0.15 0.14375
4 0.734375 0.033594 0.078125 0.067187
4 0.721875 0.103906 0.065625 0.070312
4 0.8625 0.082031 0.071875 0.070312
4 0.794531 0.15625 0.045312 0.046875
4 0.91875 0.124219 0.046875 0.051562
4 0.853125 0.217188 0.040625 0.053125
4 0.902344 0.241406 0.042188 0.042188
4 0.958594 0.20625 0.082812 0.125
4 0.803906 0.360156 0.070312 0.073438
4 0.930469 0.369531 0.051562 0.048438
4 0.877344 0.428125 0.057813 0.05625
4 0.900781 0.503906 0.076563 0.076563
4 0.867969 0.667969 0.176563 0.179688
4 0.988281 0.647656 0.023438 0.067187
4 0.957031 0.753906 0.085938 0.089063
4 0.766406 0.735938 0.079687 0.08125
4 0.713281 0.726562 0.048438 0.0625
4 0.554688 0.758594 0.059375 0.067187
4 0.610156 0.714844 0.076563 0.079687
4 0.630469 0.852344 0.139063 0.182812
4 0.586719 0.960938 0.060937 0.071875
4 0.759375 0.964063 0.05625 0.05625
4 0.919531 0.798438 0.076563 0.071875
4 0.780469 0.832031 0.064062 0.076563
4 0.909375 0.889844 0.09375 0.095312
