4 0.75 0.204167 0.171875 0.158333
4 0.784375 0.385417 0.05 0.0625
4 0.86875 0.415625 0.053125 0.064583
4 0.966406 0.445833 0.067187 0.175
4 0.901563 0.714583 0.196875 0.320833
4 0.464844 0.196875 0.129688 0.147917
4 0.547656 0.473958 0.295312 0.25625
4 0.753906 0.657292 0.079687 0.202083
4 0.607031 0.736458 0.260937 0.28125
4 0.10625 0.603125 0.209375 0.36875
4 0.33125 0.5875 0.2375 0.341667
4 0.235156 0.832292 0.017188 0.01875
4 0.069531 0.330208 0.139063 0.147917
4 0.310156 0.30625 0.164062 0.1625
