4 0.31338 0.589844 0.077465 0.054688
4 0.440141 0.896094 0.08216 0.054688
4 0.360329 0.907813 0.044601 0.034375
4 0.089202 0.796094 0.046948 0.032813
4 0.102113 0.669531 0.049296 0.032813
4 0.055164 0.622656 0.068075 0.042188
4 0.089202 0.476562 0.075117 0.04375
4 0.261737 0.199219 0.053991 0.039062
4 0.794601 0.295312 0.091549 0.059375
4 0.353286 0.348438 0.08216 0.046875
4 0.694836 0.432031 0.070423 0.045312
4 0.496479 0.426563 0.077465 0.05
4 0.482394 0.5 0.06338 0.040625
4 0.246479 0.795312 0.051643 0.03125
4 0.293427 0.771094 0.079812 0.045312
4 0.211268 0.641406 0.065728 0.042188
4 0.381455 0.672656 0.086854 0.076563
4 0.442488 0.603906 0.110329 0.076563
4 0.546948 0.702344 0.075117 0.054688
4 0.827465 0.622656 0.068075 0.048438
