4 0.346875 0.528169 0.028125 0.046948
4 0.326562 0.510563 0.028125 0.044601
4 0.295312 0.50939 0.03125 0.051643
4 0.285938 0.475352 0.025 0.049296
4 0.346094 0.444836 0.026562 0.049296
4 0.209375 0.352113 0.034375 0.051643
4 0.328906 0.599765 0.029687 0.049296
4 0.386719 0.562207 0.026562 0.053991
4 0.414844 0.570423 0.029687 0.056338
4 0.428906 0.596244 0.026562 0.042254
4 0.384375 0.657277 0.03125 0.056338
4 0.401562 0.691315 0.034375 0.044601
4 0.415625 0.671362 0.028125 0.042254
4 0.442188 0.696009 0.028125 0.044601
4 0.439844 0.735915 0.029687 0.039906
4 0.48125 0.669014 0.03125 0.051643
4 0.505469 0.746479 0.026562 0.046948
4 0.53125 0.774648 0.025 0.042254
4 0.596875 0.75939 0.028125 0.049296
4 0.658594 0.599765 0.029687 0.053991
4 0.714063 0.557512 0.03125 0.049296
4 0.661719 0.530516 0.029687 0.051643
4 0.577344 0.591549 0.035937 0.046948
4 0.509375 0.617371 0.028125 0.056338
4 0.4875 0.544601 0.028125 0.056338
4 0.500781 0.553991 0.023438 0.056338
4 0.50625 0.578638 0.028125 0.039906
4 0.539844 0.551643 0.029687 0.051643
4 0.538281 0.492958 0.032813 0.051643
4 0.517188 0.489437 0.025 0.058685
4 0.60625 0.511737 0.028125 0.061033
4 0.667188 0.469484 0.034375 0.056338
4 0.5875 0.462441 0.028125 0.056338
4 0.589063 0.372066 0.03125 0.053991
4 0.650781 0.342723 0.032813 0.051643
4 0.548438 0.409624 0.03125 0.058685
4 0.489844 0.457746 0.029687 0.061033
4 0.425781 0.497653 0.035937 0.051643
