4 0.905469 0.560417 0.017188 0.029167
4 0.925 0.097917 0.098437 0.120833
4 0.915234 0.616667 0.014844 0.025
4 0.857422 0.552778 0.016406 0.030556
4 0.885547 0.647917 0.021094 0.0375
4 0.882031 0.476389 0.015625 0.025
4 0.840625 0.672917 0.01875 0.031944
4 0.773828 0.688194 0.063281 0.123611
4 0.717969 0.583333 0.060937 0.105556
4 0.796484 0.529167 0.041406 0.080556
4 0.746484 0.863194 0.047656 0.073611
4 0.745313 0.985417 0.029687 0.029167
4 0.671484 0.971528 0.060156 0.056944
4 0.283203 0.745833 0.049219 0.094444
4 0.374219 0.586111 0.034375 0.058333
4 0.372266 0.163194 0.032031 0.065278
