4 0.453125 0.5125 0.05 0.091667
4 0.517188 0.044444 0.048438 0.088889
4 0.5625 0.196528 0.075 0.143056
4 0.523438 0.136111 0.046875 0.086111
4 0.504687 0.28125 0.070312 0.120833
4 0.475 0.192361 0.053125 0.101389
4 0.450391 0.325 0.049219 0.086111
4 0.422656 0.270139 0.059375 0.120833
4 0.398047 0.183333 0.052344 0.086111
4 0.363281 0.2875 0.048438 0.094444
4 0.494531 0.4125 0.126562 0.1
4 0.615625 0.075 0.057813 0.105556
4 0.394141 0.392361 0.055469 0.098611
4 0.428125 0.591667 0.05625 0.097222
4 0.400781 0.515972 0.071875 0.143056
4 0.646094 0.811806 0.089063 0.170833
4 0.611719 0.759028 0.08125 0.151389
