4 0.248438 0.694836 0.05625 0.089202
4 0.441406 0.657277 0.067187 0.070423
4 0.45 0.746479 0.075 0.112676
4 0.725781 0.7277 0.089063 0.131455
4 0.694531 0.865023 0.082812 0.110329
4 0.799219 0.880282 0.048438 0.075117
4 0.621094 0.106808 0.101562 0.119718
4 0.492969 0.138498 0.079687 0.13615
4 0.420312 0.230047 0.078125 0.13615
4 0.446875 0.348592 0.06875 0.110329
4 0.682813 0.455399 0.046875 0.084507
4 0.550781 0.5 0.048438 0.065728
4 0.588281 0.526995 0.048438 0.077465
4 0.283594 0.374413 0.051562 0.07277
4 0.332813 0.515258 0.05 0.077465
4 0.098437 0.314554 0.053125 0.070423
4 0.198437 0.543427 0.05625 0.096244
4 0.099219 0.511737 0.057813 0.089202
4 0.141406 0.57277 0.067187 0.112676
4 0.151562 0.714789 0.053125 0.07277
