4 0.557813 0.50625 0.0375 0.070833
4 0.617578 0.467361 0.028906 0.054167
4 0.660547 0.425694 0.032031 0.068056
4 0.558203 0.398611 0.033594 0.066667
4 0.678516 0.203472 0.032031 0.068056
4 0.626172 0.19375 0.027344 0.056944
4 0.516016 0.26875 0.032031 0.0625
4 0.512109 0.388889 0.032031 0.066667
4 0.422656 0.304167 0.032813 0.055556
4 0.378125 0.259722 0.03125 0.069444
4 0.399219 0.202083 0.0375 0.070833
4 0.341406 0.165972 0.039062 0.081944
4 0.385937 0.038889 0.040625 0.077778
4 0.277344 0.270139 0.029687 0.059722
4 0.1875 0.322917 0.039062 0.068056
4 0.182812 0.420833 0.03125 0.061111
4 0.126953 0.058333 0.028906 0.058333
4 0.201953 0.774306 0.033594 0.065278
4 0.489844 0.695833 0.029687 0.061111
