4 0.020313 0.31875 0.040625 0.170833
4 0.057031 0.755208 0.048438 0.085417
4 0.040625 0.842708 0.0625 0.064583
4 0.2125 0.704167 0.05 0.041667
4 0.163281 0.814583 0.026562 0.033333
4 0.1375 0.841667 0.015625 0.020833
4 0.127344 0.859375 0.014063 0.014583
4 0.070312 0.666667 0.01875 0.029167
4 0.125 0.496875 0.10625 0.189583
4 0.253906 0.570833 0.042188 0.041667
4 0.395313 0.480208 0.028125 0.035417
4 0.288281 0.294792 0.032813 0.03125
4 0.23125 0.327083 0.015625 0.020833
4 0.372656 0.330208 0.014063 0.01875
4 0.513281 0.227083 0.029687 0.0625
4 0.595313 0.35 0.178125 0.166667
4 0.433594 0.763542 0.217188 0.222917
4 0.464062 0.515625 0.021875 0.03125
4 0.448437 0.6125 0.021875 0.029167
4 0.542188 0.615625 0.025 0.035417
4 0.553125 0.689583 0.034375 0.033333
4 0.61875 0.636458 0.028125 0.047917
4 0.653125 0.64375 0.025 0.025
4 0.619531 0.715625 0.023438 0.035417
4 0.835938 0.776042 0.328125 0.19375
4 0.657813 0.841667 0.01875 0.029167
4 0.895312 0.505208 0.209375 0.31875
4 0.659375 0.538542 0.028125 0.035417
4 0.692969 0.557292 0.020313 0.027083
4 0.739844 0.613542 0.023438 0.03125
