4 0.014063 0.163542 0.028125 0.06875
4 0.014844 0.255208 0.029687 0.085417
4 0.091406 0.428125 0.104688 0.177083
4 0.907813 0.440625 0.184375 0.422917
4 0.8 0.310417 0.021875 0.029167
4 0.780469 0.56875 0.064062 0.2125
4 0.826562 0.78125 0.346875 0.1875
4 0.616406 0.785417 0.017188 0.029167
4 0.647656 0.653125 0.026562 0.022917
4 0.180469 0.632292 0.054688 0.039583
4 0.023438 0.621875 0.046875 0.10625
4 0.022656 0.795833 0.045312 0.091667
4 0.14375 0.754167 0.05625 0.041667
4 0.166406 0.788542 0.017188 0.027083
4 0.104688 0.775 0.015625 0.016667
4 0.095312 0.79375 0.01875 0.016667
4 0.085156 0.840625 0.026562 0.035417
4 0.230469 0.50625 0.039062 0.041667
4 0.363281 0.427083 0.020313 0.041667
4 0.349219 0.708333 0.114062 0.258333
4 0.509375 0.617708 0.20625 0.360417
4 0.614062 0.459375 0.025 0.035417
4 0.669531 0.501042 0.017188 0.027083
4 0.696094 0.558333 0.020313 0.029167
4 0.554688 0.261458 0.1875 0.222917
4 0.267188 0.255208 0.14375 0.064583
4 0.396875 0.326042 0.0125 0.010417
