4 0.621875 0.870139 0.075 0.090278
4 0.611328 0.936806 0.163281 0.126389
4 0.332813 0.934028 0.146875 0.131944
4 0.289062 0.835417 0.075 0.148611
4 0.630078 0.697917 0.102344 0.198611
4 0.779687 0.638194 0.160938 0.306944
4 0.870313 0.813194 0.1 0.223611
4 0.950391 0.540278 0.085156 0.177778
4 0.260156 0.726389 0.101562 0.197222
4 0.715234 0.8125 0.057031 0.113889
4 0.723437 0.927083 0.071875 0.145833
4 0.98125 0.654167 0.0375 0.227778
4 0.902344 0.388194 0.104688 0.229167
4 0.976562 0.330556 0.046875 0.197222
4 0.9375 0.106944 0.125 0.213889
4 0.950391 0.265278 0.099219 0.113889
4 0.767969 0.098611 0.217188 0.197222
4 0.573828 0.182639 0.111719 0.190278
4 0.107813 0.897222 0.096875 0.205556
4 0.032422 0.516667 0.064844 0.294444
