4 0.664583 0.343359 0.027083 0.024219
4 0.722917 0.262891 0.03125 0.024219
4 0.75625 0.332813 0.04375 0.039062
4 0.588542 0.38125 0.029167 0.025
4 0.563021 0.440234 0.026042 0.027344
4 0.596354 0.437891 0.023958 0.021094
4 0.485417 0.439063 0.020833 0.01875
4 0.527604 0.409766 0.023958 0.019531
4 0.469271 0.392969 0.023958 0.023438
4 0.490625 0.366016 0.025 0.021094
4 0.485417 0.333203 0.022917 0.021094
4 0.5375 0.358984 0.022917 0.021094
4 0.547396 0.332422 0.021875 0.019531
4 0.441146 0.297266 0.030208 0.024219
4 0.450521 0.263672 0.028125 0.025781
4 0.489063 0.240625 0.026042 0.025
4 0.433854 0.225781 0.032292 0.026562
4 0.359375 0.289453 0.027083 0.022656
4 0.302083 0.25 0.033333 0.028125
4 0.259375 0.184375 0.035417 0.025
4 0.294271 0.195312 0.034375 0.03125
4 0.334896 0.138672 0.032292 0.030469
4 0.230729 0.260156 0.030208 0.029687
4 0.234375 0.284375 0.03125 0.025
4 0.160938 0.360156 0.038542 0.028125
4 0.261458 0.38125 0.027083 0.021875
4 0.178646 0.460156 0.040625 0.035937
4 0.111979 0.404297 0.036458 0.025781
4 0.4 0.546094 0.025 0.023438
4 0.331771 0.05 0.032292 0.03125
4 0.113542 0.042969 0.041667 0.034375
