4 0.210156 0.575117 0.032813 0.051643
4 0.719531 0.411972 0.039062 0.058685
4 0.508594 0.537559 0.051562 0.056338
4 0.538281 0.589202 0.035937 0.051643
4 0.392969 0.649061 0.039062 0.06338
4 0.351562 0.622066 0.0375 0.056338
4 0.325 0.514085 0.040625 0.061033
4 0.590625 0.18662 0.0375 0.053991
4 0.398438 0.266432 0.028125 0.049296
4 0.415625 0.29108 0.034375 0.051643
4 0.442188 0.403756 0.034375 0.046948
4 0.238281 0.873239 0.032813 0.046948
4 0.451562 0.906103 0.034375 0.056338
4 0.714844 0.882629 0.035937 0.056338
4 0.842969 0.684272 0.042188 0.058685
