4 0.543359 0.195833 0.014844 0.05
4 0.617188 0.352778 0.01875 0.027778
4 0.557031 0.302083 0.015625 0.026389
4 0.542969 0.336806 0.032813 0.048611
4 0.535156 0.427778 0.020313 0.033333
4 0.510547 0.370139 0.014844 0.034722
4 0.50625 0.294444 0.015625 0.036111
4 0.447266 0.29375 0.014844 0.031944
4 0.515625 0.242361 0.01875 0.045833
4 0.469141 0.169444 0.078906 0.15
4 0.410156 0.124306 0.025 0.031944
4 0.361328 0.485417 0.064844 0.081944
4 0.330469 0.385417 0.025 0.045833
4 0.240625 0.410417 0.048438 0.045833
4 0.139063 0.439583 0.023438 0.040278
4 0.351562 0.265278 0.078125 0.152778
4 0.401953 0.051389 0.021094 0.069444
4 0.360547 0.120833 0.016406 0.030556
4 0.309375 0.561806 0.075 0.145833
4 0.709766 0.388889 0.032031 0.075
4 0.588672 0.251389 0.013281 0.027778
4 0.568359 0.21875 0.017969 0.043056
