4 0.657813 0.302083 0.05625 0.054167
4 0.569531 0.340625 0.014063 0.014583
4 0.651563 0.413542 0.01875 0.022917
4 0.66875 0.482292 0.01875 0.022917
4 0.676562 0.538542 0.05625 0.089583
4 0.608594 0.566667 0.026562 0.041667
4 0.75 0.532292 0.046875 0.060417
4 0.75625 0.608333 0.06875 0.0625
4 0.69375 0.607292 0.0375 0.052083
4 0.638281 0.664583 0.051562 0.05
4 0.834375 0.794792 0.06875 0.08125
4 0.946875 0.766667 0.034375 0.045833
4 0.99375 0.71875 0.0125 0.025
4 0.928906 0.839583 0.042188 0.05
4 0.889844 0.840625 0.023438 0.039583
4 0.975781 0.855208 0.048438 0.039583
4 0.622656 0.76875 0.029687 0.045833
4 0.617969 0.846875 0.039062 0.05625
4 0.451562 0.688542 0.0375 0.03125
4 0.264062 0.625 0.040625 0.0625
4 0.283594 0.716667 0.048438 0.058333
4 0.171875 0.809375 0.040625 0.052083
4 0.124219 0.84375 0.039062 0.0625
4 0.086719 0.852083 0.032813 0.045833
4 0.053125 0.580208 0.040625 0.035417
4 0.060937 0.613542 0.040625 0.035417
4 0.158594 0.520833 0.048438 0.054167
4 0.300781 0.433333 0.020313 0.033333
4 0.288281 0.455208 0.020313 0.027083
4 0.433594 0.429167 0.017188 0.020833
