4 0.285156 0.934272 0.067187 0.098592
4 0.327344 0.711268 0.035937 0.061033
4 0.441406 0.821596 0.042188 0.075117
4 0.435156 0.753521 0.051562 0.089202
4 0.401562 0.715962 0.0625 0.093897
4 0.379688 0.825117 0.0875 0.152582
4 0.490625 0.902582 0.05625 0.100939
4 0.517969 0.9777 0.073438 0.044601
4 0.614844 0.948357 0.060937 0.103286
4 0.669531 0.782864 0.079687 0.147887
4 0.839063 0.951878 0.08125 0.096244
4 0.967969 0.943662 0.064062 0.112676
4 0.865625 0.553991 0.059375 0.089202
4 0.78125 0.207746 0.06875 0.105634
4 0.620313 0.438967 0.059375 0.093897
4 0.5375 0.590376 0.075 0.129108
4 0.084375 0.796948 0.140625 0.190141
4 0.117969 0.938967 0.142187 0.122066
4 0.205469 0.942488 0.064062 0.115023
4 0.333594 0.989437 0.039062 0.021127
