4 0.240625 0.610588 0.046875 0.101176
4 0.290625 0.570588 0.04375 0.077647
4 0.022656 0.601176 0.045312 0.138824
4 0.35625 0.848235 0.075 0.096471
4 0.346875 0.96 0.08125 0.08
4 0.239063 0.892941 0.053125 0.072941
4 0.165625 0.975294 0.071875 0.049412
4 0.084375 0.937647 0.05625 0.124706
4 0.171094 0.825882 0.039062 0.056471
4 0.201563 0.697647 0.08125 0.087059
4 0.714844 0.46 0.076563 0.12
4 0.813281 0.421176 0.048438 0.070588
4 0.755469 0.350588 0.042188 0.061176
4 0.864844 0.294118 0.067187 0.141176
4 0.913281 0.289412 0.045312 0.075294
4 0.826562 0.168235 0.046875 0.072941
4 0.983594 0.168235 0.032813 0.087059
4 0.624219 0.142353 0.048438 0.082353
4 0.654687 0.210588 0.084375 0.082353
4 0.549219 0.22 0.045312 0.082353
4 0.471094 0.162353 0.042188 0.070588
4 0.407813 0.167059 0.071875 0.141176
4 0.264844 0.065882 0.064062 0.075294
4 0.125 0.052941 0.046875 0.077647
4 0.960938 0.04 0.071875 0.08
4 0.891406 0.035294 0.045312 0.070588
4 0.095312 0.504706 0.040625 0.077647
4 0.141406 0.562353 0.054688 0.070588
4 0.085156 0.436471 0.051562 0.068235
4 0.251563 0.372941 0.09375 0.105882
4 0.334375 0.295294 0.04375 0.063529
4 0.405469 0.305882 0.045312 0.065882
4 0.366406 0.430588 0.089063 0.136471
4 0.453906 0.495294 0.054688 0.12
4 0.508594 0.544706 0.048438 0.063529
4 0.432031 0.622353 0.064062 0.087059
4 0.497656 0.7 0.039062 0.063529
4 0.525 0.647059 0.04375 0.075294
4 0.684375 0.731765 0.084375 0.103529
4 0.690625 0.824706 0.065625 0.082353
4 0.86875 0.885882 0.040625 0.058824
4 0.951562 0.794118 0.053125 0.096471
4 0.986719 0.858824 0.026562 0.065882
4 0.763281 0.612941 0.039062 0.063529
4 0.811719 0.705882 0.070312 0.178824
4 0.775781 0.778824 0.035937 0.051765
4 0.878125 0.670588 0.053125 0.108235
4 0.971094 0.631765 0.057813 0.082353
4 0.823438 0.496471 0.059375 0.084706
4 0.892188 0.54 0.04375 0.063529
4 0.982031 0.501176 0.035937 0.070588
