4 0.3875 0.292969 0.033333 0.023438
4 0.560417 0.613281 0.041667 0.026562
4 0.403125 0.465625 0.039583 0.021875
4 0.45625 0.438281 0.0375 0.026562
4 0.465625 0.417187 0.03125 0.028125
4 0.498958 0.436719 0.03125 0.023438
4 0.438542 0.392969 0.027083 0.020313
4 0.372917 0.398438 0.029167 0.025
4 0.369792 0.432812 0.027083 0.01875
4 0.391667 0.320312 0.041667 0.028125
4 0.398958 0.345313 0.03125 0.028125
4 0.429167 0.323437 0.033333 0.021875
4 0.398958 0.257031 0.04375 0.029687
4 0.525 0.3125 0.0375 0.025
4 0.594792 0.239844 0.03125 0.029687
4 0.651042 0.339062 0.027083 0.021875
4 0.757292 0.303906 0.039583 0.023438
4 0.686458 0.397656 0.027083 0.023438
4 0.710417 0.392188 0.029167 0.021875
4 0.813542 0.342187 0.035417 0.025
4 0.896875 0.382812 0.035417 0.021875
4 0.975 0.373437 0.0375 0.028125
4 0.20625 0.213281 0.045833 0.032813
4 0.230208 0.228125 0.035417 0.028125
4 0.166667 0.355469 0.045833 0.026562
