4 0.709375 0.848592 0.071875 0.133803
4 0.125781 0.330986 0.251563 0.375587
4 0.280469 0.453052 0.145313 0.183099
4 0.19375 0.586854 0.084375 0.098592
4 0.355469 0.65493 0.164062 0.126761
4 0.3875 0.521127 0.0875 0.14554
4 0.553125 0.475352 0.2625 0.260563
4 0.45625 0.838028 0.065625 0.14554
4 0.527344 0.825117 0.067187 0.068075
4 0.502344 0.924883 0.048438 0.070423
4 0.61875 0.658451 0.115625 0.129108
4 0.604688 0.754695 0.065625 0.07277
4 0.703125 0.726526 0.075 0.100939
4 0.717187 0.619718 0.06875 0.103286
4 0.789844 0.894366 0.073438 0.084507
4 0.871094 0.888498 0.051562 0.08216
4 0.903125 0.950704 0.078125 0.098592
4 0.935937 0.825117 0.1 0.124413
4 0.832031 0.771127 0.085938 0.124413
4 0.800781 0.985915 0.048438 0.028169
4 0.953906 0.843897 0.057813 0.08216
4 0.961719 0.651408 0.076563 0.199531
4 0.802344 0.450704 0.092188 0.169014
4 0.874219 0.562207 0.110937 0.143192
4 0.855469 0.350939 0.057813 0.08216
4 0.914062 0.423709 0.053125 0.100939
4 0.971875 0.495305 0.05625 0.079812
4 0.948438 0.280516 0.078125 0.100939
4 0.589844 0.266432 0.079687 0.119718
4 0.667969 0.211268 0.070312 0.131455
4 0.664844 0.32277 0.067187 0.110329
4 0.602344 0.149061 0.135937 0.105634
4 0.442188 0.260563 0.0875 0.103286
4 0.378906 0.102113 0.110937 0.119718
4 0.504687 0.023474 0.075 0.046948
4 0.79375 0.042254 0.065625 0.084507
