4 0.732031 0.420833 0.020313 0.030556
4 0.755859 0.464583 0.017969 0.034722
4 0.503516 0.229861 0.016406 0.031944
4 0.54375 0.186806 0.0375 0.0375
4 0.660937 0.391667 0.020313 0.038889
4 0.709766 0.402778 0.016406 0.030556
4 0.559766 0.373611 0.021094 0.041667
4 0.134375 0.620833 0.026562 0.055556
4 0.119141 0.590972 0.017969 0.054167
4 0.135156 0.556944 0.03125 0.075
4 0.170703 0.435417 0.022656 0.0375
4 0.569531 0.529861 0.021875 0.040278
4 0.591406 0.470139 0.020313 0.040278
4 0.496094 0.324306 0.095312 0.154167
4 0.426953 0.281944 0.033594 0.063889
4 0.403516 0.359028 0.088281 0.120833
4 0.43125 0.231944 0.035937 0.061111
4 0.382031 0.217361 0.028125 0.048611
4 0.285547 0.347222 0.074219 0.130556
4 0.321484 0.263889 0.024219 0.05
4 0.285156 0.168056 0.023438 0.05
4 0.326953 0.130556 0.057031 0.094444
