4 0.544141 0.775694 0.035156 0.068056
4 0.583984 0.05625 0.049219 0.073611
4 0.61875 0.172917 0.054688 0.101389
4 0.982812 0.333333 0.034375 0.083333
4 0.724219 0.856944 0.042188 0.094444
4 0.521094 0.692361 0.051562 0.070833
4 0.440234 0.520833 0.044531 0.066667
4 0.464062 0.329861 0.06875 0.131944
4 0.384375 0.572917 0.046875 0.048611
4 0.311719 0.650694 0.051562 0.120833
4 0.331641 0.6125 0.036719 0.058333
4 0.286328 0.50625 0.039844 0.059722
4 0.196875 0.530556 0.040625 0.125
4 0.228125 0.567361 0.034375 0.068056
4 0.145703 0.409722 0.085156 0.127778
4 0.046094 0.453472 0.076563 0.134722
4 0.075391 0.643056 0.046094 0.108333
