4 0.476389 0.467578 0.019444 0.011719
4 0.525694 0.451172 0.020833 0.011719
4 0.666667 0.438672 0.022222 0.011719
4 0.61875 0.431641 0.029167 0.016406
4 0.464583 0.425391 0.020833 0.013281
4 0.413889 0.396094 0.022222 0.014063
4 0.370833 0.323828 0.030556 0.019531
4 0.46875 0.347266 0.020833 0.014844
4 0.536111 0.330078 0.025 0.016406
4 0.716667 0.341016 0.027778 0.016406
4 0.7375 0.293359 0.022222 0.013281
4 0.788194 0.291797 0.023611 0.016406
4 0.825 0.389453 0.019444 0.011719
4 0.860417 0.393359 0.026389 0.011719
4 0.924306 0.502344 0.045833 0.026562
4 0.075694 0.584375 0.018056 0.0125
4 0.345139 0.536719 0.018056 0.010937
4 0.321528 0.529687 0.018056 0.010937
4 0.190278 0.528516 0.016667 0.010156
4 0.203472 0.489453 0.018056 0.010156
4 0.454167 0.486719 0.022222 0.017188
4 0.058333 0.619922 0.013889 0.010156
4 0.426389 0.474609 0.022222 0.013281
4 0.2875 0.618359 0.013889 0.010156
4 0.309722 0.599219 0.016667 0.009375
4 0.279167 0.583594 0.013889 0.009375
4 0.234722 0.569141 0.016667 0.010156
4 0.191667 0.607422 0.013889 0.010156
4 0.174306 0.621484 0.015278 0.008594
