4 0.851562 0.762911 0.04375 0.061033
4 0.59375 0.933099 0.05 0.096244
4 0.426563 0.784038 0.053125 0.065728
4 0.367188 0.866197 0.046875 0.084507
4 0.757812 0.764085 0.04375 0.068075
4 0.7875 0.535211 0.034375 0.061033
4 0.819531 0.5 0.039062 0.051643
4 0.725781 0.380282 0.039062 0.061033
4 0.75625 0.348592 0.034375 0.044601
4 0.674219 0.38615 0.039062 0.044601
4 0.666406 0.42723 0.042188 0.061033
4 0.654687 0.4777 0.03125 0.049296
4 0.582812 0.409624 0.040625 0.068075
4 0.497656 0.40493 0.029687 0.049296
4 0.320312 0.497653 0.0625 0.075117
4 0.367969 0.549296 0.039062 0.056338
4 0.454688 0.565728 0.0375 0.065728
4 0.144531 0.577465 0.039062 0.065728
4 0.0625 0.652582 0.04375 0.065728
4 0.38125 0.292254 0.040625 0.058685
4 0.411719 0.196009 0.042188 0.06338
4 0.2125 0.123239 0.05625 0.105634
4 0.619531 0.239437 0.054688 0.070423
4 0.621094 0.133803 0.029687 0.046948
4 0.617188 0.055164 0.0375 0.06338
4 0.653906 0.046948 0.035937 0.061033
4 0.7125 0.084507 0.025 0.037559
4 0.720313 0.139671 0.04375 0.058685
4 0.742188 0.064554 0.0375 0.053991
4 0.7875 0.084507 0.0375 0.061033
4 0.828125 0.112676 0.040625 0.070423
4 0.81875 0.274648 0.046875 0.061033
4 0.905469 0.241784 0.023438 0.037559
4 0.903906 0.34507 0.035937 0.046948
4 0.98125 0.110329 0.0375 0.075117
