4 0.422656 0.270139 0.03125 0.0625
4 0.458594 0.454861 0.029687 0.051389
4 0.480469 0.4625 0.023438 0.05
4 0.503906 0.429861 0.042188 0.0625
4 0.530078 0.441667 0.030469 0.058333
4 0.533203 0.5 0.039844 0.058333
4 0.454688 0.384028 0.034375 0.090278
4 0.455469 0.575 0.025 0.044444
4 0.478906 0.379167 0.028125 0.063889
4 0.452344 0.313889 0.03125 0.063889
4 0.448828 0.4875 0.033594 0.055556
4 0.403125 0.345833 0.034375 0.069444
4 0.379297 0.316667 0.024219 0.05
4 0.353906 0.332639 0.034375 0.051389
4 0.375781 0.375694 0.028125 0.068056
4 0.377734 0.447222 0.030469 0.05
4 0.405469 0.414583 0.039062 0.054167
4 0.426172 0.432639 0.036719 0.0625
4 0.488281 0.527083 0.028125 0.051389
4 0.414844 0.489583 0.029687 0.051389
