4 0.205859 0.357639 0.039844 0.073611
4 0.114844 0.047222 0.029687 0.052778
4 0.279687 0.251389 0.028125 0.058333
4 0.430078 0.286806 0.032031 0.054167
4 0.396484 0.271528 0.032031 0.065278
4 0.409375 0.2 0.0375 0.077778
4 0.357812 0.159722 0.040625 0.075
4 0.410547 0.026389 0.038281 0.052778
4 0.531641 0.368056 0.032031 0.058333
4 0.534375 0.25625 0.03125 0.056944
4 0.620703 0.183333 0.027344 0.055556
4 0.686328 0.202778 0.032031 0.063889
4 0.503125 0.700694 0.029687 0.0625
4 0.217578 0.776389 0.050781 0.063889
4 0.199609 0.432639 0.030469 0.059722
4 0.587109 0.539583 0.036719 0.076389
4 0.609375 0.458333 0.028125 0.05
4 0.667188 0.41875 0.032813 0.0625
4 0.569531 0.370833 0.032813 0.069444
