4 0.542361 0.410938 0.029167 0.01875
4 0.922222 0.141797 0.047222 0.032031
4 0.935417 0.117188 0.040278 0.020313
4 0.95625 0.139063 0.040278 0.029687
4 0.91875 0.026562 0.040278 0.028125
4 0.879167 0.071875 0.038889 0.025
4 0.728472 0.0875 0.051389 0.034375
4 0.715972 0.124609 0.0375 0.022656
4 0.529167 0.127344 0.044444 0.029687
4 0.33125 0.019141 0.065278 0.038281
4 0.417361 0.003125 0.034722 0.00625
4 0.279167 0.506641 0.066667 0.041406
4 0.847222 0.388281 0.027778 0.01875
4 0.4625 0.500781 0.027778 0.01875
4 0.382639 0.528906 0.031944 0.020313
4 0.559028 0.639062 0.081944 0.059375
4 0.440278 0.446875 0.038889 0.025
4 0.397222 0.454297 0.027778 0.019531
4 0.261806 0.412891 0.034722 0.022656
4 0.199306 0.443359 0.056944 0.036719
4 0.328472 0.342578 0.029167 0.021094
4 0.534028 0.355859 0.026389 0.017969
4 0.579861 0.38125 0.029167 0.01875
4 0.609722 0.375391 0.027778 0.019531
4 0.59375 0.398047 0.029167 0.021094
4 0.611111 0.397656 0.019444 0.020313
4 0.770139 0.285547 0.029167 0.017969
4 0.872222 0.29375 0.038889 0.026562
4 0.894444 0.264062 0.027778 0.01875
4 0.863889 0.244141 0.036111 0.022656
4 0.829861 0.241406 0.031944 0.021875
4 0.765972 0.226562 0.065278 0.039062
4 0.732639 0.197656 0.0625 0.042188
4 0.836111 0.166406 0.055556 0.0375
