4 0.13125 0.159367 0.053125 0.046229
4 0.0875 0.119221 0.059375 0.068127
4 0.067969 0.07056 0.057813 0.068127
4 0.022656 0.046229 0.045312 0.092457
4 0.078906 0.03528 0.064062 0.07056
4 0.128906 0.065693 0.057813 0.097324
4 0.189062 0.038929 0.06875 0.077859
4 0.239844 0.03163 0.064062 0.06326
4 0.244531 0.223844 0.064062 0.141119
4 0.233594 0.122871 0.067187 0.124088
4 0.174219 0.138686 0.054688 0.06326
4 0.023438 0.139903 0.046875 0.094891
4 0.067969 0.173966 0.073438 0.124088
4 0.065625 0.298054 0.0375 0.046229
4 0.021875 0.256691 0.04375 0.119221
4 0.092188 0.316302 0.046875 0.10219
4 0.121875 0.223844 0.04375 0.097324
4 0.175781 0.216545 0.076563 0.131387
4 0.214844 0.300487 0.051562 0.128954
4 0.192188 0.411192 0.065625 0.121655
4 0.177344 0.343066 0.051562 0.126521
4 0.146094 0.313869 0.079687 0.141119
4 0.116406 0.484185 0.089063 0.10219
4 0.109375 0.417275 0.078125 0.138686
4 0.042188 0.372263 0.06875 0.131387
4 0.034375 0.495134 0.06875 0.163017
4 0.219531 0.476886 0.057813 0.107056
4 0.185156 0.515815 0.042188 0.053528
4 0.175781 0.569343 0.064062 0.121655
4 0.110156 0.586375 0.073438 0.145985
4 0.055469 0.616788 0.089063 0.158151
4 0.096875 0.677616 0.065625 0.075426
4 0.020313 0.701946 0.040625 0.085158
4 0.089063 0.756691 0.071875 0.136253
4 0.0375 0.856448 0.0625 0.136253
4 0.025781 0.819951 0.051562 0.180049
4 0.271875 0.391727 0.071875 0.116788
