4 0.803125 0.833333 0.034375 0.066667
4 0.592187 0.798958 0.046875 0.077083
4 0.535937 0.375 0.04375 0.058333
4 0.567187 0.422917 0.034375 0.05
4 0.455469 0.323958 0.010937 0.014583
4 0.16875 0.317708 0.0125 0.014583
4 0.260937 0.485417 0.021875 0.029167
4 0.053906 0.469792 0.029687 0.035417
4 0.069531 0.538542 0.026562 0.039583
4 0.096094 0.78125 0.029687 0.045833
4 0.120313 0.798958 0.025 0.035417
4 0.032031 0.832292 0.051562 0.077083
4 0.247656 0.797917 0.020313 0.029167
4 0.264844 0.784375 0.020313 0.03125
4 0.695312 0.745833 0.0625 0.075
4 0.414062 0.821875 0.025 0.039583
4 0.475781 0.821875 0.029687 0.04375
4 0.449219 0.847917 0.029687 0.045833
4 0.477344 0.855208 0.026562 0.035417
4 0.482031 0.741667 0.029687 0.045833
4 0.555469 0.753125 0.029687 0.064583
4 0.853906 0.801042 0.070312 0.05625
4 0.849219 0.848958 0.076563 0.052083
4 0.491406 0.604167 0.020313 0.025
4 0.540625 0.560417 0.01875 0.029167
4 0.559375 0.69375 0.0375 0.058333
4 0.585938 0.715625 0.0375 0.064583
4 0.595313 0.742708 0.046875 0.064583
4 0.771875 0.853125 0.034375 0.039583
