4 0.550781 0.832292 0.029687 0.04375
4 0.771094 0.770833 0.067187 0.075
4 0.602344 0.764583 0.051562 0.058333
4 0.671094 0.746875 0.039062 0.072917
4 0.64375 0.744792 0.03125 0.060417
4 0.621094 0.7 0.032813 0.066667
4 0.673438 0.678125 0.059375 0.085417
4 0.625 0.648958 0.0375 0.064583
4 0.528125 0.677083 0.028125 0.041667
4 0.575 0.567708 0.01875 0.022917
4 0.946094 0.835417 0.076563 0.070833
4 0.601562 0.513542 0.015625 0.027083
4 0.508594 0.334375 0.014063 0.014583
4 0.61875 0.375 0.04375 0.045833
4 0.605469 0.345833 0.042188 0.054167
4 0.921875 0.8125 0.01875 0.020833
4 0.239063 0.366667 0.0125 0.0125
4 0.353125 0.469792 0.01875 0.027083
4 0.178906 0.484375 0.026562 0.052083
4 0.026562 0.58125 0.053125 0.0625
4 0.025 0.795833 0.05 0.075
4 0.072656 0.829167 0.051562 0.058333
4 0.128125 0.833333 0.04375 0.070833
4 0.177344 0.7625 0.032813 0.045833
4 0.342187 0.761458 0.028125 0.035417
4 0.528125 0.852083 0.025 0.0375
4 0.489844 0.853125 0.026562 0.039583
