4 0.632031 0.261737 0.170313 0.265258
4 0.928906 0.965962 0.142187 0.068075
4 0.938281 0.881455 0.123438 0.138498
4 0.739062 0.985915 0.109375 0.028169
4 0.5625 0.963615 0.153125 0.07277
4 0.379688 0.911972 0.18125 0.176056
4 0.604688 0.711268 0.16875 0.248826
4 0.710156 0.823944 0.151562 0.225352
4 0.367188 0.678404 0.175 0.258216
4 0.31875 0.411972 0.1875 0.265258
4 0.490625 0.503521 0.165625 0.241784
4 0.611719 0.501174 0.129688 0.199531
4 0.725 0.612676 0.1375 0.197183
4 0.725 0.401408 0.1625 0.234742
4 0.446094 0.254695 0.157812 0.255869
4 0.552344 0.296948 0.098437 0.223005
4 0.696094 0.172535 0.142187 0.21831
4 0.920312 0.306338 0.159375 0.307512
4 0.838281 0.220657 0.160938 0.244131
4 0.874219 0.575117 0.185938 0.262911
4 0.965625 0.660798 0.06875 0.251174
