4 0.482031 0.395139 0.0875 0.170833
4 0.741016 0.075 0.191406 0.15
4 0.540625 0.156944 0.117188 0.244444
4 0.570703 0.041667 0.108594 0.083333
4 0.598828 0.217361 0.107031 0.215278
4 0.744531 0.236806 0.117188 0.276389
4 0.709766 0.407639 0.105469 0.184722
4 0.576172 0.404861 0.113281 0.220833
4 0.529297 0.4625 0.091406 0.194444
4 0.653906 0.53125 0.1125 0.201389
4 0.553125 0.636806 0.142187 0.256944
4 0.610547 0.826389 0.099219 0.177778
4 0.430078 0.829861 0.096094 0.198611
4 0.511719 0.829861 0.078125 0.179167
4 0.471875 0.951389 0.114062 0.097222
