4 0.290625 0.234742 0.0375 0.056338
4 0.25 0.475352 0.034375 0.053991
4 0.257031 0.20892 0.032813 0.051643
4 0.214844 0.181925 0.029687 0.049296
4 0.239063 0.172535 0.021875 0.049296
4 0.264844 0.142019 0.029687 0.053991
4 0.28125 0.185446 0.03125 0.046948
4 0.088281 0.339202 0.026562 0.053991
4 0.064062 0.300469 0.034375 0.056338
4 0.209375 0.359155 0.028125 0.046948
4 0.19375 0.319249 0.028125 0.046948
4 0.175 0.347418 0.03125 0.051643
4 0.142187 0.346244 0.03125 0.039906
4 0.110937 0.361502 0.028125 0.046948
4 0.096875 0.387324 0.021875 0.046948
4 0.15 0.435446 0.028125 0.049296
4 0.121875 0.411972 0.03125 0.049296
4 0.151562 0.388498 0.03125 0.044601
4 0.186719 0.382629 0.029687 0.042254
4 0.182031 0.42723 0.032813 0.046948
4 0.170313 0.470657 0.028125 0.049296
4 0.2125 0.4777 0.028125 0.044601
4 0.203125 0.455399 0.028125 0.051643
4 0.224219 0.409624 0.026562 0.049296
4 0.251563 0.408451 0.03125 0.056338
4 0.276562 0.438967 0.03125 0.051643
4 0.239844 0.454225 0.035937 0.049296
4 0.282813 0.289906 0.034375 0.058685
4 0.304688 0.29108 0.01875 0.051643
4 0.260156 0.348592 0.032813 0.058685
4 0.295312 0.342723 0.0375 0.065728
4 0.279687 0.392019 0.03125 0.051643
4 0.242188 0.316901 0.034375 0.061033
4 0.2125 0.31338 0.025 0.044601
4 0.2 0.2723 0.025 0.046948
4 0.228906 0.265258 0.032813 0.061033
4 0.257812 0.255869 0.028125 0.046948
4 0.317969 0.253521 0.032813 0.051643
4 0.310937 0.183099 0.028125 0.046948
4 0.296875 0.142019 0.03125 0.049296
4 0.230469 0.133803 0.035937 0.056338
4 0.266406 0.099765 0.032813 0.049296
4 0.242188 0.071596 0.021875 0.049296
4 0.21875 0.084507 0.03125 0.065728
4 0.195312 0.139671 0.034375 0.058685
4 0.188281 0.093897 0.029687 0.042254
4 0.192188 0.049296 0.03125 0.051643
4 0.165625 0.069249 0.03125 0.049296
4 0.158594 0.120892 0.032813 0.049296
4 0.128906 0.116197 0.029687 0.049296
4 0.124219 0.096244 0.029687 0.046948
4 0.114062 0.142019 0.025 0.044601
4 0.097656 0.117371 0.029687 0.046948
4 0.2125 0.232394 0.03125 0.051643
4 0.1875 0.197183 0.03125 0.046948
4 0.164844 0.16784 0.039062 0.044601
4 0.129688 0.165493 0.034375 0.049296
4 0.089844 0.166667 0.035937 0.042254
4 0.057813 0.206573 0.028125 0.037559
4 0.057031 0.164319 0.029687 0.046948
4 0.113281 0.205399 0.029687 0.039906
4 0.084375 0.203052 0.03125 0.044601
4 0.066406 0.245305 0.032813 0.053991
4 0.101562 0.244131 0.034375 0.046948
4 0.132812 0.255869 0.034375 0.046948
4 0.140625 0.228873 0.03125 0.044601
4 0.176563 0.247653 0.034375 0.053991
4 0.169531 0.294601 0.029687 0.039906
4 0.135937 0.286385 0.025 0.023474
4 0.149219 0.309859 0.026562 0.042254
4 0.121875 0.318075 0.025 0.044601
4 0.099219 0.292254 0.032813 0.058685
