4 0.344531 0.365023 0.142187 0.199531
4 0.474219 0.286385 0.092188 0.14554
4 0.514062 0.408451 0.146875 0.164319
4 0.605469 0.29108 0.182812 0.314554
4 0.705469 0.083333 0.182812 0.166667
4 0.753906 0.294601 0.132812 0.2277
4 0.960938 0.517606 0.078125 0.21831
4 0.530469 0.923709 0.079687 0.100939
4 0.517969 0.984742 0.110937 0.030516
4 0.383594 0.741784 0.160938 0.230047
4 0.460938 0.789906 0.103125 0.180751
4 0.415625 0.640845 0.115625 0.122066
4 0.613281 0.629108 0.132812 0.173709
4 0.717187 0.691315 0.078125 0.08216
4 0.489844 0.519953 0.132812 0.21831
4 0.578125 0.494131 0.04375 0.091549
4 0.914062 0.204225 0.171875 0.305164
4 0.651563 0.870892 0.071875 0.258216
4 0.567969 0.83216 0.145313 0.255869
4 0.775 0.528169 0.178125 0.29108
4 0.907813 0.7723 0.184375 0.286385
4 0.728125 0.856808 0.171875 0.286385
4 0.882812 0.930751 0.1375 0.138498
4 0.392969 0.228873 0.176563 0.279343
