4 0.927344 0.645055 0.129688 0.169231
4 0.485156 0.39011 0.017188 0.01978
4 0.971875 0.549451 0.05625 0.171429
4 0.83125 0.508791 0.096875 0.138462
4 0.53125 0.479121 0.090625 0.127473
4 0.45 0.558242 0.1 0.145055
4 0.978125 0.728571 0.040625 0.182418
4 0.810156 0.646154 0.098437 0.131868
4 0.872656 0.784615 0.117188 0.162637
4 0.908594 0.932967 0.114062 0.134066
4 0.810156 0.932967 0.148438 0.134066
4 0.607031 0.879121 0.126562 0.197802
4 0.673438 0.901099 0.071875 0.171429
4 0.624219 0.70989 0.135937 0.206593
4 0.730469 0.763736 0.110937 0.191209
4 0.773438 0.806593 0.0875 0.153846
4 0.6625 0.614286 0.109375 0.138462
4 0.664062 0.542857 0.090625 0.074725
