4 0.579444 0.012719 0.038889 0.025437
4 0.651111 0.058824 0.042222 0.057234
4 0.631667 0.131161 0.034444 0.052464
4 0.667778 0.13752 0.035556 0.055644
4 0.69 0.119237 0.033333 0.050874
4 0.717778 0.09221 0.033333 0.054054
4 0.745 0.151033 0.036667 0.054054
4 0.782222 0.207472 0.035556 0.046105
4 0.816667 0.118442 0.044444 0.065183
4 0.872222 0.183625 0.04 0.052464
4 0.969444 0.089825 0.043333 0.058824
4 0.86 0.413355 0.053333 0.066773
4 0.918333 0.383943 0.054444 0.100159
4 0.722222 0.293323 0.035556 0.055644
4 0.637778 0.324324 0.033333 0.047695
4 0.641111 0.528617 0.033333 0.052464
4 0.654444 0.59221 0.037778 0.052464
4 0.592222 0.565183 0.033333 0.049285
4 0.32 0.577107 0.206667 0.295707
4 0.202778 0.50159 0.07 0.081081
4 0.198889 0.593005 0.097778 0.117647
4 0.12 0.662957 0.073333 0.111288
4 0.164444 0.756757 0.068889 0.108108
