4 0.298611 0.442188 0.075 0.05
4 0.368056 0.471094 0.116667 0.065625
4 0.472222 0.493359 0.113889 0.069531
4 0.571528 0.496094 0.106944 0.057813
4 0.382639 0.529687 0.084722 0.059375
4 0.479167 0.549219 0.105556 0.0625
4 0.420139 0.323828 0.148611 0.075781
4 0.504167 0.327734 0.066667 0.071094
4 0.582639 0.355469 0.129167 0.092188
4 0.352083 0.342578 0.051389 0.042969
4 0.319444 0.378906 0.097222 0.05625
4 0.418056 0.376172 0.105556 0.074219
4 0.495139 0.391406 0.106944 0.0625
4 0.560417 0.401172 0.076389 0.033594
4 0.547222 0.443359 0.119444 0.058594
4 0.452778 0.433203 0.108333 0.060156
4 0.340972 0.422656 0.118056 0.064062
