4 0.764844 0.632292 0.067187 0.072917
4 0.673438 0.309375 0.05 0.060417
4 0.578906 0.3375 0.010937 0.0125
4 0.665625 0.422917 0.01875 0.025
4 0.677344 0.497917 0.017188 0.025
4 0.686719 0.566667 0.051562 0.095833
4 0.608594 0.5875 0.026562 0.041667
4 0.75625 0.561458 0.046875 0.060417
4 0.707031 0.635417 0.039062 0.05
4 0.648438 0.686458 0.053125 0.052083
4 0.846875 0.804167 0.06875 0.095833
4 0.960938 0.797917 0.034375 0.05
4 0.63125 0.789583 0.03125 0.045833
4 0.625 0.847917 0.0375 0.054167
4 0.441406 0.702083 0.017188 0.029167
4 0.464062 0.711458 0.01875 0.027083
4 0.260156 0.679167 0.042188 0.066667
4 0.285156 0.730208 0.048438 0.05625
4 0.061719 0.604167 0.045312 0.066667
4 0.157812 0.533333 0.046875 0.05
4 0.3 0.457292 0.034375 0.047917
4 0.440625 0.434375 0.01875 0.022917
4 0.092188 0.846875 0.04375 0.05625
4 0.127344 0.840625 0.039062 0.072917
4 0.180469 0.833333 0.048438 0.083333
