4 0.684766 0.985417 0.028906 0.029167
4 0.092969 0.896528 0.060937 0.1125
4 0.232031 0.688194 0.040625 0.073611
4 0.225391 0.330556 0.036719 0.066667
4 0.639844 0.277778 0.051562 0.080556
4 0.723047 0.575694 0.067969 0.118056
4 0.641016 0.990278 0.027344 0.019444
4 0.605859 0.979167 0.044531 0.041667
4 0.679297 0.910417 0.058594 0.123611
4 0.694141 0.85625 0.041406 0.073611
4 0.811328 0.693056 0.019531 0.033333
4 0.8375 0.663194 0.023438 0.040278
4 0.871484 0.675694 0.016406 0.026389
4 0.877344 0.601389 0.01875 0.030556
4 0.802734 0.570833 0.019531 0.033333
4 0.857812 0.494444 0.017188 0.033333
4 0.920312 0.339583 0.026562 0.034722
4 0.941797 0.265278 0.055469 0.1
4 0.920703 0.142361 0.067969 0.098611
