4 0.454688 0.239437 0.021875 0.046948
4 0.475 0.269953 0.025 0.037559
4 0.491406 0.320423 0.020313 0.035211
4 0.424219 0.295775 0.026562 0.037559
4 0.466406 0.401408 0.020313 0.042254
4 0.489844 0.441315 0.023438 0.042254
4 0.538281 0.38615 0.029687 0.039906
4 0.597656 0.362676 0.023438 0.035211
4 0.6375 0.327465 0.021875 0.039906
4 0.65 0.339202 0.01875 0.035211
4 0.349219 0.334507 0.029687 0.035211
4 0.375781 0.428404 0.023438 0.030516
4 0.439063 0.494131 0.025 0.035211
4 0.455469 0.537559 0.026562 0.037559
4 0.526563 0.583333 0.025 0.039906
4 0.525 0.055164 0.025 0.039906
4 0.615625 0.248826 0.025 0.037559
4 0.572656 0.273474 0.029687 0.039906
4 0.516406 0.206573 0.026562 0.032864
4 0.515625 0.245305 0.021875 0.030516
4 0.428906 0.16784 0.026562 0.044601
4 0.449219 0.16784 0.020313 0.039906
4 0.466406 0.204225 0.023438 0.037559
4 0.478125 0.226526 0.025 0.035211
4 0.486719 0.199531 0.017188 0.032864
