4 0.425781 0.596244 0.023438 0.037559
4 0.576562 0.734742 0.0375 0.051643
4 0.672656 0.775822 0.023438 0.044601
4 0.7625 0.961268 0.01875 0.025822
4 0.664062 0.907277 0.01875 0.030516
4 0.655469 0.85446 0.029687 0.056338
4 0.584375 0.893192 0.021875 0.039906
4 0.572656 0.835681 0.042188 0.056338
4 0.402344 0.75 0.026562 0.035211
4 0.485938 0.573944 0.03125 0.068075
4 0.585938 0.526995 0.03125 0.058685
4 0.522656 0.440141 0.020313 0.044601
4 0.602344 0.393192 0.035937 0.053991
4 0.700781 0.54108 0.026562 0.044601
4 0.79375 0.419014 0.03125 0.053991
4 0.644531 0.271127 0.023438 0.049296
4 0.694531 0.219484 0.029687 0.039906
4 0.526563 0.326291 0.028125 0.037559
4 0.485938 0.282864 0.0375 0.039906
4 0.45 0.244131 0.034375 0.056338
4 0.379688 0.160798 0.025 0.053991
4 0.574219 0.080986 0.029687 0.058685
4 0.641406 0.096244 0.023438 0.042254
4 0.510938 0.012911 0.040625 0.025822
4 0.351562 0.017606 0.034375 0.035211
4 0.490625 0.747653 0.03125 0.035211
