4 0.933984 0.066667 0.132031 0.133333
4 0.29375 0.083333 0.157812 0.166667
4 0.032813 0.220833 0.065625 0.294444
4 0.154688 0.191667 0.20625 0.352778
4 0.257422 0.426389 0.172656 0.233333
4 0.330859 0.322917 0.155469 0.273611
4 0.40625 0.460417 0.125 0.226389
4 0.492578 0.521528 0.102344 0.145833
4 0.50625 0.345833 0.13125 0.238889
4 0.452344 0.147917 0.153125 0.2875
4 0.588672 0.117361 0.160156 0.234722
4 0.772266 0.108333 0.217969 0.216667
4 0.980078 0.161111 0.039844 0.116667
4 0.666797 0.315972 0.135156 0.281944
4 0.811719 0.281944 0.1625 0.266667
4 0.629297 0.488889 0.116406 0.2
4 0.503516 0.686111 0.127344 0.227778
4 0.374219 0.679167 0.129688 0.230556
4 0.439063 0.884722 0.129688 0.230556
