4 0.255469 0.649061 0.057813 0.07277
4 0.267969 0.707746 0.042188 0.053991
4 0.299219 0.624413 0.048438 0.065728
4 0.304688 0.676056 0.04375 0.046948
4 0.340625 0.634977 0.0375 0.06338
4 0.3625 0.420188 0.040625 0.061033
4 0.40625 0.401408 0.046875 0.051643
4 0.410156 0.446009 0.042188 0.051643
4 0.467969 0.464789 0.064062 0.075117
4 0.533594 0.426056 0.045312 0.07277
4 0.497656 0.347418 0.042188 0.075117
4 0.421875 0.346244 0.046875 0.06338
4 0.490625 0.401408 0.046875 0.065728
4 0.398438 0.32277 0.046875 0.06338
4 0.453125 0.360329 0.046875 0.077465
4 0.461719 0.278169 0.051562 0.086854
4 0.520312 0.265258 0.040625 0.079812
4 0.299219 0.199531 0.057813 0.093897
4 0.317969 0.282864 0.051562 0.07277
4 0.364844 0.219484 0.073438 0.077465
4 0.375781 0.282864 0.054688 0.06338
4 0.334375 0.117371 0.05 0.107981
4 0.392188 0.126761 0.053125 0.103286
4 0.417187 0.159624 0.04375 0.079812
4 0.471094 0.21831 0.051562 0.075117
4 0.544531 0.143192 0.051562 0.107981
4 0.602344 0.271127 0.048438 0.096244
4 0.635156 0.261737 0.026562 0.077465
4 0.540625 0.35446 0.04375 0.070423
4 0.589063 0.359155 0.06875 0.079812
4 0.633594 0.406103 0.057813 0.079812
4 0.610938 0.448357 0.05625 0.061033
4 0.616406 0.510563 0.042188 0.06338
4 0.675 0.544601 0.04375 0.065728
4 0.680469 0.4777 0.057813 0.053991
4 0.675 0.415493 0.053125 0.075117
4 0.710156 0.447183 0.032813 0.053991
4 0.717187 0.382629 0.05625 0.075117
4 0.757031 0.41784 0.057813 0.079812
4 0.667188 0.33216 0.08125 0.08216
4 0.699219 0.286385 0.048438 0.061033
4 0.733594 0.265258 0.057813 0.079812
4 0.817187 0.326291 0.071875 0.089202
