4 0.461719 0.558333 0.025 0.044444
4 0.468359 0.390278 0.025781 0.047222
4 0.474609 0.5875 0.025781 0.047222
4 0.491797 0.561111 0.027344 0.05
4 0.517188 0.547917 0.025 0.040278
4 0.519141 0.597222 0.025781 0.044444
4 0.507031 0.631944 0.021875 0.036111
4 0.551172 0.533333 0.038281 0.069444
4 0.553906 0.580556 0.03125 0.044444
4 0.373828 0.443056 0.032031 0.044444
4 0.400781 0.492361 0.03125 0.070833
4 0.412109 0.45 0.030469 0.055556
4 0.4375 0.486806 0.034375 0.073611
4 0.463281 0.471528 0.023438 0.056944
4 0.455078 0.510417 0.027344 0.034722
4 0.486328 0.507639 0.036719 0.045833
4 0.507812 0.5125 0.021875 0.044444
4 0.485156 0.452778 0.029687 0.066667
4 0.516016 0.442361 0.032031 0.056944
4 0.455078 0.416667 0.030469 0.055556
4 0.442969 0.380556 0.025 0.05
4 0.441797 0.561111 0.021094 0.041667
