4 0.030469 0.355208 0.060937 0.16875
4 0.842969 0.696875 0.314063 0.352083
4 0.5125 0.671875 0.30625 0.402083
4 0.200781 0.507292 0.201563 0.197917
4 0.244531 0.715625 0.048438 0.039583
4 0.104688 0.697917 0.01875 0.029167
4 0.089063 0.753125 0.05 0.04375
4 0.0875 0.827083 0.059375 0.1
4 0.198437 0.815625 0.025 0.035417
4 0.171875 0.844792 0.015625 0.01875
4 0.310156 0.30625 0.042188 0.029167
4 0.261719 0.340625 0.014063 0.022917
4 0.407031 0.338542 0.014063 0.01875
4 0.55 0.23125 0.040625 0.0625
4 0.627344 0.3625 0.176563 0.175
4 0.858594 0.405208 0.026562 0.035417
