4 0.028906 0.062353 0.051562 0.072941
4 0.874219 0.418824 0.067187 0.084706
4 0.885156 0.136471 0.067187 0.094118
4 0.982812 0.055294 0.034375 0.110588
4 0.724219 0.341176 0.054688 0.089412
4 0.642969 0.398824 0.051562 0.068235
4 0.6 0.467059 0.06875 0.077647
4 0.516406 0.341176 0.035937 0.061176
4 0.579688 0.224706 0.040625 0.068235
4 0.430469 0.164706 0.039062 0.075294
4 0.407813 0.442353 0.0375 0.056471
4 0.50625 0.558824 0.034375 0.054118
4 0.253125 0.389412 0.04375 0.077647
4 0.163281 0.383529 0.045312 0.061176
4 0.063281 0.308235 0.045312 0.065882
4 0.071094 0.496471 0.051562 0.08
