4 0.678906 0.557512 0.020313 0.030516
4 0.692969 0.492958 0.017188 0.028169
4 0.726562 0.415493 0.01875 0.023474
4 0.445312 0.129108 0.05 0.070423
4 0.371875 0.275822 0.053125 0.07277
4 0.059375 0.301643 0.0625 0.08216
4 0.40625 0.901408 0.034375 0.051643
4 0.392969 0.60446 0.039062 0.06338
4 0.453906 0.573944 0.035937 0.053991
4 0.472656 0.694836 0.020313 0.032864
4 0.565625 0.504695 0.025 0.042254
4 0.600781 0.584507 0.020313 0.037559
4 0.569531 0.671362 0.023438 0.032864
4 0.633594 0.730047 0.017188 0.023474
