4 0.4375 0.518779 0.034375 0.051643
4 0.58125 0.629108 0.04375 0.075117
4 0.620313 0.647887 0.028125 0.042254
4 0.510938 0.653756 0.025 0.039906
4 0.496875 0.703052 0.028125 0.044601
4 0.414062 0.651408 0.03125 0.044601
4 0.502344 0.598592 0.026562 0.051643
4 0.457813 0.578638 0.025 0.039906
4 0.461719 0.489437 0.029687 0.039906
4 0.46875 0.537559 0.01875 0.037559
4 0.4875 0.528169 0.021875 0.042254
4 0.498437 0.495305 0.028125 0.051643
4 0.5125 0.470657 0.025 0.039906
4 0.532031 0.488263 0.023438 0.046948
4 0.53125 0.553991 0.025 0.037559
4 0.5375 0.444836 0.025 0.044601
4 0.628906 0.467136 0.064062 0.084507
4 0.564063 0.471831 0.0375 0.042254
4 0.514062 0.377934 0.0375 0.084507
4 0.497656 0.288732 0.023438 0.037559
4 0.457813 0.355634 0.03125 0.053991
4 0.472656 0.406103 0.023438 0.042254
4 0.446094 0.449531 0.026562 0.044601
4 0.457031 0.424883 0.026562 0.042254
4 0.216406 0.421362 0.023438 0.039906
4 0.276562 0.516432 0.025 0.042254
4 0.310156 0.234742 0.023438 0.037559
