4 0.371094 0.649061 0.035937 0.049296
4 0.714844 0.714789 0.026562 0.044601
4 0.469531 0.687793 0.026562 0.046948
4 0.442188 0.690141 0.021875 0.032864
4 0.464844 0.780516 0.026562 0.039906
4 0.484375 0.836854 0.028125 0.044601
4 0.563281 0.91784 0.035937 0.037559
4 0.360938 0.737089 0.025 0.042254
4 0.288281 0.660798 0.020313 0.039906
4 0.352344 0.606808 0.029687 0.044601
4 0.339062 0.5223 0.028125 0.039906
4 0.367188 0.532864 0.028125 0.051643
4 0.292187 0.480047 0.025 0.039906
4 0.126562 0.471831 0.025 0.046948
4 0.185156 0.60446 0.032813 0.049296
4 0.135156 0.694836 0.029687 0.046948
4 0.174219 0.725352 0.035937 0.046948
4 0.205469 0.691315 0.035937 0.07277
4 0.242188 0.703052 0.01875 0.025822
4 0.245312 0.336854 0.040625 0.044601
4 0.171875 0.258216 0.03125 0.056338
4 0.24375 0.206573 0.028125 0.042254
4 0.238281 0.04108 0.020313 0.030516
4 0.532031 0.015258 0.026562 0.030516
4 0.575781 0.307512 0.035937 0.037559
4 0.590625 0.406103 0.028125 0.042254
4 0.667188 0.397887 0.021875 0.039906
4 0.790625 0.225352 0.028125 0.037559
4 0.925781 0.305164 0.029687 0.046948
