4 0.696094 0.296948 0.045312 0.068075
4 0.735156 0.343897 0.029687 0.068075
4 0.711719 0.347418 0.045312 0.065728
4 0.653125 0.075117 0.046875 0.079812
4 0.699219 0.055164 0.045312 0.06338
4 0.735156 0.146714 0.048438 0.07277
4 0.690625 0.127934 0.046875 0.086854
4 0.646875 0.165493 0.046875 0.07277
4 0.665625 0.205399 0.046875 0.044601
4 0.785937 0.185446 0.05 0.079812
4 0.719531 0.215962 0.048438 0.075117
4 0.75625 0.258216 0.053125 0.075117
4 0.710156 0.285211 0.042188 0.058685
4 0.629687 0.254695 0.040625 0.07277
4 0.6625 0.248826 0.053125 0.079812
4 0.658594 0.318075 0.039062 0.06338
