4 0.579688 0.134028 0.057813 0.104167
4 0.312891 0.851389 0.041406 0.072222
4 0.260937 0.927778 0.039062 0.077778
4 0.146094 0.932639 0.035937 0.073611
4 0.116406 0.847917 0.034375 0.070833
4 0.028125 0.434028 0.05625 0.093056
4 0.137891 0.402083 0.053906 0.093056
4 0.264844 0.080556 0.045312 0.075
4 0.261719 0.027083 0.060937 0.054167
4 0.550391 0.534028 0.041406 0.093056
4 0.442969 0.102778 0.045312 0.097222
4 0.484766 0.016667 0.042969 0.033333
4 0.601562 0.235417 0.040625 0.070833
4 0.717578 0.13125 0.069531 0.104167
4 0.814844 0.059028 0.060937 0.118056
4 0.944531 0.116667 0.054688 0.094444
4 0.93125 0.665972 0.060937 0.093056
4 0.773438 0.894444 0.048438 0.077778
4 0.711328 0.589583 0.203906 0.393056
