4 0.417969 0.18662 0.110937 0.171362
4 0.675781 0.498826 0.167187 0.246479
4 0.325 0.748826 0.171875 0.29108
4 0.503125 0.711268 0.190625 0.276995
4 0.608594 0.725352 0.085938 0.187793
4 0.46875 0.841549 0.11875 0.161972
4 0.403125 0.416667 0.209375 0.316901
4 0.228906 0.552817 0.179688 0.2277
4 0.213281 0.390845 0.129688 0.124413
4 0.309375 0.356808 0.134375 0.253521
4 0.496094 0.46831 0.110937 0.2277
4 0.544531 0.564554 0.079687 0.124413
4 0.520312 0.233568 0.1375 0.21831
4 0.223438 0.210094 0.15 0.2277
4 0.335156 0.112676 0.157812 0.225352
