4 0.068235 0.090625 0.042353 0.03125
4 0.808235 0.754687 0.143529 0.103125
4 0.552941 0.673438 0.127059 0.09375
4 0.616471 0.614062 0.169412 0.115625
4 0.062353 0.063281 0.021176 0.017188
4 0.717647 0.523438 0.183529 0.128125
4 0.550588 0.554688 0.155294 0.128125
4 0.644706 0.430469 0.174118 0.114062
4 0.757647 0.360938 0.136471 0.096875
4 0.098824 0.082031 0.037647 0.023438
4 0.650588 0.363281 0.077647 0.045312
4 0.518824 0.409375 0.101176 0.096875
4 0.424706 0.382031 0.096471 0.070312
4 0.412941 0.433594 0.148235 0.104688
4 0.265882 0.316406 0.075294 0.057813
4 0.304706 0.282031 0.101176 0.073438
4 0.405882 0.266406 0.035294 0.023438
4 0.461176 0.201563 0.141176 0.078125
4 0.507059 0.132031 0.072941 0.048438
4 0.291765 0.161719 0.141176 0.073438
4 0.308235 0.200781 0.061176 0.048438
4 0.129412 0.195312 0.042353 0.034375
4 0.169412 0.1 0.037647 0.021875
4 0.196471 0.117188 0.044706 0.034375
4 0.175294 0.129688 0.049412 0.03125
4 0.121176 0.121094 0.021176 0.017188
