4 0.570211 0.139093 0.031656 0.055147
4 0.206981 0.885417 0.029221 0.047794
4 0.319399 0.81924 0.038149 0.0625
4 0.395698 0.876225 0.036526 0.063725
4 0.778003 0.821078 0.036526 0.061275
4 0.633523 0.609681 0.036526 0.0625
4 0.155032 0.772059 0.027597 0.04902
4 0.176136 0.709559 0.034091 0.046569
4 0.977679 0.515319 0.044643 0.077206
4 0.118506 0.596814 0.032468 0.053922
4 0.163961 0.480392 0.034091 0.058824
4 0.276786 0.604167 0.029221 0.051471
4 0.276786 0.511642 0.030844 0.047794
4 0.313718 0.483456 0.028409 0.047794
4 0.280438 0.093137 0.033279 0.061275
4 0.316558 0.155025 0.069805 0.116422
4 0.426136 0.191176 0.037338 0.068627
4 0.497565 0.256127 0.034091 0.053922
4 0.580357 0.207721 0.032468 0.047794
4 0.551136 0.172794 0.027597 0.036765
4 0.561282 0.079044 0.030032 0.045343
4 0.809253 0.165441 0.032468 0.046569
4 0.733766 0.148284 0.037338 0.056373
4 0.70414 0.015931 0.031656 0.031863
4 0.930195 0.01777 0.084416 0.035539
4 0.976867 0.197917 0.046266 0.084559
4 0.935471 0.272059 0.049513 0.07598
4 0.915584 0.205882 0.068182 0.078431
4 0.75974 0.255515 0.043831 0.072304
4 0.700081 0.297794 0.036526 0.056373
4 0.39651 0.409314 0.030032 0.04902
4 0.49026 0.355392 0.038961 0.061275
4 0.421266 0.363358 0.053571 0.08701
4 0.453734 0.453431 0.032468 0.056373
4 0.564935 0.435662 0.053571 0.072304
4 0.511769 0.521446 0.031656 0.050245
4 0.439935 0.601716 0.027597 0.044118
4 0.548701 0.671569 0.032468 0.058824
