4 0.922656 0.078638 0.060937 0.07277
4 0.576562 0.266432 0.021875 0.039906
4 0.764062 0.185446 0.021875 0.032864
4 0.872656 0.153756 0.020313 0.030516
4 0.871875 0.130282 0.021875 0.030516
4 0.913281 0.14554 0.020313 0.032864
4 0.928906 0.144366 0.017188 0.030516
4 0.917188 0.215962 0.021875 0.032864
4 0.940625 0.2277 0.021875 0.032864
4 0.753906 0.353286 0.020313 0.030516
4 0.2375 0.280516 0.021875 0.035211
4 0.286719 0.111502 0.020313 0.030516
4 0.427344 0.026995 0.076563 0.053991
4 0.441406 0.109155 0.023438 0.030516
4 0.659375 0.078638 0.021875 0.030516
4 0.801562 0.018779 0.065625 0.037559
4 0.972656 0.056338 0.054688 0.112676
4 0.885938 0.026995 0.025 0.039906
4 0.183594 0.519953 0.085938 0.119718
4 0.56875 0.617371 0.03125 0.046948
4 0.784375 0.649061 0.025 0.035211
4 0.726562 0.480047 0.05 0.086854
4 0.75625 0.467136 0.01875 0.046948
4 0.778125 0.508216 0.0625 0.086854
4 0.788281 0.559859 0.029687 0.035211
4 0.922656 0.321596 0.023438 0.037559
