4 0.567187 0.343529 0.034375 0.037647
4 0.742969 0.821176 0.035937 0.051765
4 0.807813 0.815294 0.034375 0.054118
4 0.805469 0.863529 0.032813 0.051765
4 0.864062 0.752941 0.034375 0.061176
4 0.667969 0.571765 0.035937 0.056471
4 0.703906 0.612941 0.039062 0.063529
4 0.73125 0.482353 0.040625 0.061176
4 0.777344 0.461176 0.045312 0.056471
4 0.557813 0.495294 0.040625 0.054118
4 0.567187 0.308235 0.0375 0.051765
4 0.604688 0.290588 0.0375 0.058824
4 0.635156 0.290588 0.032813 0.054118
4 0.608594 0.318824 0.032813 0.030588
4 0.601562 0.191765 0.0375 0.058824
4 0.466406 0.154118 0.032813 0.054118
4 0.535937 0.274118 0.034375 0.054118
4 0.471875 0.269412 0.034375 0.063529
4 0.5125 0.331765 0.034375 0.047059
4 0.457813 0.345882 0.05625 0.075294
4 0.374219 0.317647 0.032813 0.051765
4 0.328906 0.290588 0.035937 0.058824
4 0.374219 0.417647 0.032813 0.054118
4 0.328906 0.467059 0.029687 0.044706
4 0.31875 0.56 0.03125 0.047059
4 0.411719 0.442353 0.035937 0.051765
4 0.448437 0.452941 0.03125 0.049412
4 0.528125 0.445882 0.0375 0.058824
4 0.4 0.575294 0.028125 0.044706
4 0.373437 0.612941 0.028125 0.049412
4 0.403125 0.627059 0.03125 0.058824
4 0.398438 0.677647 0.03125 0.047059
4 0.342969 0.722353 0.029687 0.042353
4 0.364063 0.754118 0.03125 0.044706
4 0.224219 0.085882 0.076563 0.138824
