4 0.435937 0.41922 0.021875 0.047354
4 0.498437 0.119777 0.03125 0.05571
4 0.386719 0.348189 0.026562 0.050139
4 0.482031 0.376045 0.026562 0.050139
4 0.440625 0.356546 0.021875 0.038997
4 0.497656 0.324513 0.020313 0.047354
4 0.490625 0.644847 0.03125 0.064067
4 0.879687 0.157382 0.046875 0.08078
4 0.585156 0.437326 0.032813 0.05571
4 0.639062 0.479109 0.025 0.038997
4 0.675 0.406685 0.025 0.05571
4 0.777344 0.430362 0.032813 0.047354
4 0.802344 0.618384 0.035937 0.066852
4 0.767969 0.760446 0.007812 0.011142
4 0.816406 0.926184 0.035937 0.075209
4 0.55625 0.655989 0.025 0.047354
4 0.596094 0.693593 0.035937 0.066852
4 0.642969 0.643454 0.035937 0.061281
4 0.602344 0.579387 0.032813 0.066852
4 0.577344 0.569638 0.032813 0.047354
4 0.547656 0.491643 0.026562 0.052925
4 0.067187 0.862117 0.03125 0.058496
4 0.135156 0.835655 0.029687 0.05571
4 0.039062 0.775766 0.03125 0.064067
4 0.035156 0.660167 0.032813 0.061281
4 0.092969 0.614206 0.029687 0.064067
4 0.16875 0.54039 0.028125 0.044568
4 0.204687 0.58078 0.034375 0.052925
4 0.236719 0.561281 0.026562 0.052925
4 0.260937 0.493036 0.025 0.050139
4 0.350781 0.589136 0.029687 0.058496
4 0.340625 0.454039 0.025 0.05571
4 0.407031 0.486072 0.032813 0.047354
4 0.397656 0.462396 0.029687 0.033426
4 0.330469 0.348189 0.029687 0.061281
4 0.064844 0.479109 0.035937 0.050139
4 0.244531 0.800836 0.035937 0.069638
4 0.130469 0.94429 0.039062 0.061281
