4 0.192969 0.548958 0.054688 0.06875
4 0.271875 0.728125 0.065625 0.09375
4 0.192188 0.778125 0.028125 0.039583
4 0.33125 0.854167 0.046875 0.058333
4 0.339062 0.821875 0.028125 0.027083
4 0.371875 0.8375 0.028125 0.033333
4 0.432031 0.523958 0.067187 0.089583
4 0.952344 0.8 0.064062 0.075
4 0.642969 0.9125 0.045312 0.058333
4 0.711719 0.810417 0.048438 0.0625
4 0.75 0.833333 0.03125 0.041667
4 0.839844 0.76875 0.042188 0.05
4 0.791406 0.665625 0.051562 0.06875
4 0.7375 0.688542 0.053125 0.072917
4 0.649219 0.765625 0.039062 0.052083
4 0.592187 0.767708 0.04375 0.060417
4 0.578125 0.683333 0.046875 0.066667
4 0.55 0.697917 0.021875 0.0375
4 0.483594 0.617708 0.051562 0.06875
4 0.798438 0.5125 0.05625 0.054167
4 0.797656 0.58125 0.082812 0.1
4 0.864844 0.547917 0.045312 0.054167
4 0.849219 0.334375 0.060937 0.077083
4 0.514844 0.252083 0.104688 0.133333
4 0.200781 0.285417 0.098437 0.129167
4 0.014844 0.085417 0.029687 0.083333
4 0.036719 0.391667 0.029687 0.0375
4 0.214844 0.632292 0.054688 0.06875
