4 0.524756 0.389769 0.031656 0.063337
4 0.55276 0.378197 0.034091 0.042631
4 0.551136 0.414738 0.030844 0.042631
4 0.586851 0.385505 0.030844 0.045067
4 0.525162 0.447625 0.027597 0.040195
4 0.489448 0.479903 0.019481 0.038977
4 0.505682 0.48173 0.034091 0.054811
4 0.522727 0.495128 0.022727 0.040195
4 0.53612 0.517661 0.023539 0.036541
4 0.556412 0.457369 0.028409 0.042631
4 0.568994 0.436054 0.017857 0.019488
4 0.58401 0.453715 0.026786 0.045067
4 0.583198 0.494519 0.034903 0.038977
4 0.559659 0.50609 0.026786 0.040195
4 0.586851 0.517661 0.032468 0.036541
