4 0.229687 0.555425 0.05 0.068396
4 0.1625 0.239387 0.053125 0.096698
4 0.210938 0.252358 0.046875 0.070755
4 0.220312 0.383255 0.05 0.073113
4 0.110937 0.529481 0.059375 0.087264
4 0.166406 0.566038 0.045312 0.070755
4 0.271094 0.503538 0.064062 0.096698
4 0.328906 0.509434 0.051562 0.084906
4 0.544531 0.208726 0.067187 0.096698
4 0.642969 0.301887 0.064062 0.108491
4 0.700781 0.482311 0.057813 0.096698
4 0.564063 0.705189 0.05625 0.084906
4 0.776563 0.785377 0.05 0.080189
4 0.717187 0.870283 0.059375 0.084906
