4 0.591797 0.168056 0.042969 0.097222
4 0.476953 0.289583 0.050781 0.0875
4 0.420703 0.304861 0.032031 0.079167
4 0.467187 0.543056 0.048438 0.058333
4 0.501563 0.732639 0.084375 0.093056
4 0.080859 0.660417 0.058594 0.098611
4 0.346094 0.665278 0.065625 0.136111
4 0.277734 0.634028 0.050781 0.1375
4 0.201172 0.490278 0.072656 0.088889
4 0.196484 0.564583 0.035156 0.068056
4 0.250391 0.54375 0.041406 0.048611
4 0.162109 0.406944 0.039844 0.066667
4 0.048047 0.442361 0.055469 0.126389
4 0.09375 0.397222 0.0625 0.116667
4 0.981641 0.353472 0.036719 0.0875
4 0.610547 0.070833 0.049219 0.075
