4 0.778906 0.210094 0.039062 0.058685
4 0.899219 0.35446 0.201563 0.295775
4 0.690625 0.449531 0.046875 0.049296
4 0.619531 0.369718 0.032813 0.049296
4 0.61875 0.288732 0.03125 0.056338
4 0.704688 0.199531 0.034375 0.070423
4 0.571875 0.183099 0.034375 0.056338
4 0.292969 0.748826 0.035937 0.117371
4 0.277344 0.875587 0.035937 0.051643
4 0.341406 0.974178 0.017188 0.028169
4 0.582031 0.687793 0.020313 0.023474
4 0.3375 0.627934 0.015625 0.021127
4 0.41875 0.674883 0.0125 0.021127
4 0.184375 0.663146 0.075 0.07277
4 0.233594 0.721831 0.039062 0.068075
4 0.2625 0.622066 0.040625 0.056338
4 0.039844 0.555164 0.079687 0.110329
4 0.0875 0.463615 0.04375 0.058685
4 0.140625 0.539906 0.0375 0.056338
4 0.205469 0.416667 0.029687 0.035211
4 0.273438 0.39554 0.040625 0.058685
4 0.369531 0.456573 0.048438 0.06338
4 0.688281 0.765258 0.017188 0.023474
4 0.288281 0.138498 0.039062 0.075117
4 0.336719 0.098592 0.032813 0.046948
4 0.398438 0.023474 0.028125 0.046948
4 0.392969 0.105634 0.032813 0.065728
