4 0.626563 0.569249 0.0625 0.100939
4 0.585156 0.7277 0.042188 0.065728
4 0.851562 0.653756 0.04375 0.06338
4 0.740625 0.961268 0.05 0.068075
4 0.4875 0.690141 0.046875 0.065728
4 0.34375 0.553991 0.05625 0.093897
4 0.361719 0.441315 0.042188 0.126761
4 0.433594 0.447183 0.045312 0.06338
4 0.850781 0.119718 0.035937 0.061033
4 0.297656 0.368545 0.039062 0.065728
4 0.266406 0.274648 0.039062 0.061033
4 0.46875 0.280516 0.0375 0.053991
4 0.190625 0.211268 0.040625 0.056338
4 0.025 0.437793 0.05 0.096244
4 0.035156 0.693662 0.070312 0.105634
4 0.213281 0.793427 0.064062 0.131455
4 0.146094 0.956573 0.057813 0.086854
4 0.532031 0.45892 0.035937 0.06338
