4 0.160547 0.460417 0.046094 0.048611
4 0.967969 0.375694 0.048438 0.101389
4 0.597656 0.119444 0.042188 0.069444
4 0.568359 0.185417 0.030469 0.098611
4 0.469141 0.299306 0.052344 0.068056
4 0.412891 0.316667 0.039844 0.069444
4 0.480859 0.595139 0.047656 0.059722
4 0.509375 0.713889 0.035937 0.063889
4 0.458203 0.777778 0.047656 0.088889
4 0.334375 0.671528 0.045312 0.076389
4 0.325 0.746528 0.035937 0.084722
4 0.253516 0.636806 0.052344 0.131944
4 0.205859 0.513194 0.063281 0.106944
4 0.188281 0.598611 0.0375 0.063889
4 0.220703 0.614583 0.013281 0.0375
4 0.088672 0.700694 0.058594 0.106944
4 0.048438 0.471528 0.05 0.126389
4 0.092578 0.381944 0.067969 0.119444
