4 0.452344 0.415449 0.064062 0.070981
4 0.646094 0.626305 0.098437 0.129436
4 0.738281 0.545929 0.120313 0.156576
4 0.707812 0.398747 0.078125 0.125261
4 0.871875 0.379958 0.071875 0.083507
4 0.954688 0.389353 0.059375 0.064718
4 0.949219 0.5 0.057813 0.064718
4 0.966406 0.553236 0.035937 0.045929
4 0.9 0.533403 0.040625 0.052192
4 0.946875 0.569937 0.075 0.066806
4 0.85625 0.611691 0.08125 0.091858
4 0.864844 0.664927 0.076563 0.073069
4 0.8 0.600209 0.0625 0.102296
4 0.713281 0.637787 0.032813 0.039666
4 0.907031 0.611691 0.032813 0.058455
4 0.945312 0.639875 0.04375 0.060543
4 0.978125 0.770355 0.04375 0.129436
4 0.699219 0.099165 0.082812 0.118998
4 0.963281 0.135699 0.039062 0.06263
4 0.980469 0.075157 0.039062 0.05428
4 0.984375 0.01357 0.03125 0.02714
4 0.15 0.319415 0.046875 0.06263
4 0.183594 0.461378 0.051562 0.075157
4 0.20625 0.568894 0.06875 0.118998
4 0.345313 0.514614 0.06875 0.102296
4 0.305469 0.692067 0.051562 0.08977
4 0.334375 0.640919 0.0375 0.050104
4 0.357812 0.680585 0.046875 0.05428
4 0.651563 0.483299 0.103125 0.148225
