4 0.749219 0.511737 0.032813 0.084507
4 0.157031 0.084507 0.048438 0.070423
4 0.107031 0.484742 0.045312 0.06338
4 0.34375 0.338028 0.0375 0.051643
4 0.420312 0.346244 0.046875 0.06338
4 0.315625 0.548122 0.0375 0.053991
4 0.372656 0.59507 0.045312 0.053991
4 0.427344 0.585681 0.035937 0.053991
4 0.475 0.538732 0.046875 0.058685
4 0.511719 0.43662 0.035937 0.056338
4 0.6875 0.442488 0.034375 0.044601
4 0.664844 0.49061 0.029687 0.042254
4 0.689063 0.538732 0.034375 0.049296
4 0.771875 0.399061 0.040625 0.070423
4 0.755469 0.757042 0.029687 0.049296
4 0.479687 0.818075 0.075 0.105634
4 0.598437 0.762911 0.03125 0.051643
4 0.613281 0.823944 0.042188 0.056338
4 0.566406 0.852113 0.035937 0.056338
4 0.603906 0.967136 0.029687 0.056338
4 0.85 0.640845 0.03125 0.046948
4 0.716406 0.334507 0.035937 0.049296
4 0.9 0.980047 0.034375 0.039906
4 0.770312 0.571596 0.034375 0.058685
4 0.68125 0.671362 0.03125 0.046948
