4 0.729297 0.430556 0.041406 0.072222
4 0.649609 0.395139 0.017969 0.034722
4 0.556641 0.359722 0.017969 0.030556
4 0.546484 0.393056 0.019531 0.036111
4 0.491406 0.402083 0.01875 0.029167
4 0.0875 0.50625 0.023438 0.043056
4 0.182422 0.539583 0.024219 0.048611
4 0.219141 0.495139 0.024219 0.043056
4 0.331641 0.575 0.088281 0.138889
4 0.385937 0.547222 0.021875 0.044444
4 0.416406 0.521528 0.021875 0.043056
4 0.369141 0.495139 0.039844 0.068056
4 0.315234 0.395833 0.025781 0.066667
4 0.303125 0.322917 0.01875 0.026389
4 0.339062 0.30625 0.017188 0.056944
4 0.352734 0.269444 0.016406 0.027778
4 0.379688 0.272917 0.03125 0.059722
4 0.360547 0.349306 0.016406 0.026389
4 0.436328 0.299306 0.016406 0.031944
4 0.459766 0.324306 0.019531 0.029167
4 0.362891 0.147917 0.016406 0.031944
4 0.397266 0.05625 0.014844 0.034722
4 0.396484 0.102083 0.013281 0.034722
4 0.405469 0.154167 0.014063 0.030556
4 0.427734 0.2125 0.038281 0.066667
4 0.445312 0.1625 0.046875 0.077778
4 0.486328 0.147222 0.019531 0.033333
4 0.508594 0.197917 0.015625 0.029167
4 0.456641 0.231944 0.017969 0.036111
4 0.478906 0.265278 0.020313 0.038889
4 0.491406 0.233333 0.014063 0.036111
4 0.505078 0.252083 0.014844 0.026389
4 0.5125 0.315278 0.023438 0.086111
4 0.564453 0.222917 0.022656 0.059722
4 0.596094 0.248611 0.014063 0.033333
4 0.590234 0.295139 0.014844 0.040278
4 0.571484 0.3125 0.016406 0.027778
4 0.528906 0.481944 0.017188 0.038889
