4 0.496094 0.48 0.017188 0.023529
4 0.189062 0.403529 0.01875 0.035294
4 0.200781 0.305882 0.020313 0.028235
4 0.335938 0.511765 0.01875 0.021176
4 0.291406 0.244706 0.020313 0.032941
4 0.373437 0.209412 0.025 0.028235
4 0.349219 0.283529 0.023438 0.025882
4 0.38125 0.330588 0.015625 0.021176
4 0.388281 0.345882 0.017188 0.018824
4 0.417969 0.292941 0.017188 0.025882
4 0.441406 0.374118 0.017188 0.023529
4 0.361719 0.397647 0.014063 0.028235
4 0.472656 0.414118 0.014063 0.023529
4 0.535156 0.398824 0.017188 0.021176
4 0.54375 0.42 0.015625 0.021176
4 0.542188 0.355294 0.025 0.028235
4 0.528125 0.285882 0.021875 0.025882
4 0.473438 0.251765 0.015625 0.032941
4 0.460156 0.189412 0.020313 0.025882
4 0.742188 0.194118 0.025 0.030588
4 0.592969 0.270588 0.020313 0.023529
4 0.638281 0.32 0.017188 0.023529
4 0.717187 0.388235 0.01875 0.037647
4 0.596094 0.417647 0.020313 0.021176
4 0.597656 0.462353 0.020313 0.025882
4 0.530469 0.558824 0.020313 0.025882
