4 0.518359 0.309028 0.080469 0.145833
4 0.828516 0.516667 0.085156 0.155556
4 0.932813 0.686806 0.0875 0.179167
4 0.665625 0.970833 0.15625 0.058333
4 0.609375 0.661806 0.09375 0.223611
4 0.436719 0.653472 0.075 0.120833
4 0.158984 0.583333 0.228906 0.294444
4 0.128906 0.845139 0.075 0.1375
4 0.317578 0.45 0.092969 0.322222
4 0.407422 0.438194 0.075781 0.118056
4 0.198828 0.090972 0.085156 0.151389
4 0.062891 0.095139 0.082031 0.148611
4 0.017188 0.338889 0.034375 0.266667
4 0.528125 0.072917 0.098437 0.145833
4 0.700781 0.297917 0.107813 0.145833
4 0.824609 0.126389 0.085156 0.169444
4 0.962109 0.038194 0.075781 0.076389
