4 0.854167 0.581641 0.066667 0.041406
4 0.919444 0.556641 0.077778 0.038281
4 0.879861 0.563672 0.076389 0.042969
4 0.80625 0.554688 0.073611 0.046875
4 0.736806 0.547656 0.073611 0.042188
4 0.719444 0.520312 0.091667 0.039062
4 0.834028 0.532031 0.070833 0.039062
4 0.795833 0.514453 0.080556 0.038281
4 0.88125 0.511719 0.0875 0.040625
4 0.825 0.483984 0.080556 0.042969
4 0.746528 0.487891 0.084722 0.039844
4 0.784028 0.426172 0.070833 0.060156
4 0.895833 0.454688 0.105556 0.0625
4 0.844444 0.428516 0.069444 0.061719
