4 0.392019 0.464062 0.051643 0.05625
4 0.469484 0.321875 0.093897 0.05625
4 0.491784 0.207031 0.049296 0.039062
4 0.578638 0.247656 0.044601 0.035937
4 0.341549 0.283594 0.077465 0.057813
4 0.323944 0.341406 0.046948 0.076563
4 0.294601 0.407813 0.07277 0.078125
4 0.403756 0.3625 0.084507 0.0375
4 0.562207 0.342969 0.096244 0.064062
4 0.528169 0.414062 0.234742 0.1375
4 0.536385 0.532813 0.260563 0.11875
4 0.704225 0.479687 0.122066 0.1125
4 0.784038 0.5 0.032864 0.025
4 0.889671 0.547656 0.046948 0.020313
4 0.908451 0.653906 0.032864 0.026562
4 0.68662 0.722656 0.039906 0.026562
4 0.806338 0.764844 0.06338 0.045312
4 0.930751 0.811719 0.115023 0.126562
4 0.532864 0.811719 0.037559 0.026562
4 0.276995 0.603125 0.089202 0.059375
