4 0.576562 0.382629 0.046875 0.089202
4 0.557031 0.327465 0.042188 0.07277
4 0.523438 0.374413 0.05 0.07277
4 0.51875 0.314554 0.0375 0.061033
4 0.470313 0.336854 0.05 0.077465
4 0.46875 0.397887 0.05625 0.058685
4 0.675 0.289906 0.040625 0.077465
4 0.555469 0.406103 0.042188 0.070423
4 0.629687 0.314554 0.040625 0.042254
4 0.596875 0.339202 0.034375 0.068075
4 0.579688 0.300469 0.034375 0.046948
4 0.597656 0.251174 0.042188 0.070423
4 0.627344 0.367371 0.042188 0.077465
4 0.597656 0.420188 0.042188 0.061033
