4 0.538194 0.500391 0.095833 0.047656
4 0.297222 0.561719 0.102778 0.064062
4 0.25 0.538281 0.097222 0.034375
4 0.255556 0.508594 0.116667 0.05625
4 0.357639 0.516016 0.098611 0.060156
4 0.384722 0.551953 0.072222 0.046094
4 0.452778 0.547266 0.072222 0.017969
4 0.452778 0.514062 0.108333 0.053125
4 0.49375 0.435937 0.065278 0.032813
4 0.410417 0.445703 0.106944 0.066406
4 0.5125 0.465234 0.111111 0.057031
4 0.422917 0.469141 0.104167 0.057031
4 0.31875 0.460156 0.106944 0.05625
4 0.4125 0.386719 0.141667 0.098437
4 0.280556 0.384375 0.127778 0.0875
4 0.470833 0.351953 0.113889 0.083594
4 0.349306 0.332031 0.134722 0.060937
