4 0.677039 0.394531 0.190987 0.117188
4 0.606223 0.288281 0.22103 0.204687
4 0.374464 0.26875 0.246781 0.2125
4 0.313305 0.421875 0.244635 0.240625
4 0.67382 0.392188 0.197425 0.128125
4 0.459227 0.670312 0.244635 0.175
4 0.2103 0.654687 0.266094 0.184375
4 0.699571 0.607031 0.236052 0.160938
4 0.708155 0.635938 0.266094 0.159375
4 0.357296 0.5625 0.238197 0.153125
4 0.534335 0.504687 0.23176 0.225
4 0.775751 0.450781 0.255365 0.204687
4 0.507511 0.391406 0.160944 0.076563
4 0.556867 0.750781 0.203863 0.114062
