4 0.564063 0.290625 0.05625 0.052083
4 0.479687 0.358333 0.0125 0.0125
4 0.596094 0.4 0.035937 0.054167
4 0.578125 0.410417 0.03125 0.041667
4 0.554688 0.422917 0.015625 0.020833
4 0.532031 0.427083 0.023438 0.033333
4 0.655469 0.389583 0.035937 0.045833
4 0.659375 0.464583 0.046875 0.0625
4 0.591406 0.460417 0.026562 0.041667
4 0.575 0.511458 0.04375 0.039583
4 0.688281 0.517708 0.045312 0.052083
4 0.901563 0.578125 0.03125 0.039583
4 0.88125 0.615625 0.015625 0.022917
4 0.896875 0.667708 0.015625 0.022917
4 0.903906 0.702083 0.014063 0.025
4 0.917188 0.690625 0.015625 0.01875
4 0.928906 0.7 0.014063 0.025
4 0.948438 0.678125 0.015625 0.022917
4 0.99375 0.709375 0.0125 0.04375
4 0.922656 0.808333 0.026562 0.0375
4 0.942187 0.855208 0.053125 0.039583
4 0.984375 0.859375 0.03125 0.03125
4 0.853125 0.75625 0.028125 0.045833
4 0.79375 0.747917 0.01875 0.0375
4 0.76875 0.758333 0.025 0.033333
4 0.75625 0.792708 0.034375 0.022917
4 0.735156 0.839583 0.101562 0.070833
4 0.664062 0.839583 0.025 0.041667
4 0.613281 0.809375 0.029687 0.052083
4 0.675 0.766667 0.028125 0.045833
4 0.723437 0.697917 0.01875 0.029167
4 0.548438 0.761458 0.046875 0.047917
4 0.492188 0.79375 0.028125 0.054167
4 0.36875 0.867708 0.025 0.014583
4 0.353125 0.730208 0.0125 0.027083
4 0.202344 0.8 0.045312 0.045833
4 0.163281 0.830208 0.014063 0.022917
4 0.096094 0.848958 0.045312 0.052083
4 0.044531 0.846875 0.054688 0.05625
4 0.135156 0.6625 0.048438 0.0375
4 0.248438 0.648958 0.046875 0.064583
4 0.035156 0.523958 0.026562 0.04375
4 0.058594 0.561458 0.029687 0.027083
4 0.134375 0.461458 0.04375 0.08125
4 0.230469 0.413542 0.032813 0.060417
4 0.269531 0.370833 0.020313 0.025
4 0.38125 0.365625 0.015625 0.022917
4 0.383594 0.582292 0.029687 0.027083
