4 0.572917 0.3875 0.143056 0.078125
4 0.691667 0.475391 0.136111 0.075781
4 0.564583 0.517969 0.131944 0.078125
4 0.677083 0.400391 0.151389 0.077344
4 0.561806 0.351562 0.118056 0.046875
4 0.570833 0.263672 0.180556 0.144531
4 0.522222 0.262109 0.166667 0.152344
4 0.397222 0.260156 0.163889 0.134375
4 0.4375 0.360156 0.141667 0.084375
4 0.325 0.404687 0.147222 0.084375
4 0.279167 0.429297 0.133333 0.069531
4 0.461806 0.501172 0.120833 0.063281
4 0.34375 0.487891 0.145833 0.085156
4 0.458333 0.441016 0.138889 0.080469
4 0.576389 0.458984 0.158333 0.088281
