4 0.829688 0.770833 0.340625 0.204167
4 0.889062 0.494792 0.221875 0.34375
4 0.610938 0.420833 0.253125 0.454167
4 0.484375 0.757292 0.340625 0.23125
4 0.044531 0.732292 0.051562 0.077083
4 0.029687 0.835417 0.059375 0.070833
4 0.15625 0.803125 0.0375 0.04375
4 0.125 0.828125 0.015625 0.01875
4 0.116406 0.845833 0.014063 0.0125
4 0.200781 0.691667 0.051562 0.041667
4 0.244531 0.560417 0.042188 0.041667
4 0.1125 0.514583 0.03125 0.025
4 0.148438 0.555208 0.03125 0.047917
4 0.057813 0.647917 0.01875 0.029167
4 0.016406 0.301042 0.032813 0.172917
4 0.128125 0.41875 0.05 0.058333
4 0.280469 0.288542 0.032813 0.03125
4 0.219531 0.316667 0.014063 0.020833
4 0.359375 0.323958 0.015625 0.014583
4 0.414844 0.366667 0.010937 0.0125
4 0.384375 0.471875 0.025 0.035417
4 0.453125 0.505208 0.021875 0.03125
4 0.438281 0.596875 0.020313 0.03125
