4 0.25 0.160798 0.0375 0.068075
4 0.216406 0.234742 0.051562 0.056338
4 0.164062 0.058685 0.040625 0.061033
4 0.076563 0.062207 0.040625 0.077465
4 0.009375 0.348592 0.01875 0.07277
4 0.314063 0.420188 0.0375 0.061033
4 0.285938 0.411972 0.028125 0.044601
4 0.265625 0.462441 0.0375 0.056338
4 0.297656 0.475352 0.039062 0.049296
4 0.335156 0.467136 0.032813 0.061033
4 0.341406 0.53169 0.032813 0.053991
4 0.29375 0.545775 0.0375 0.053991
4 0.203906 0.59507 0.039062 0.058685
4 0.184375 0.515258 0.0375 0.049296
4 0.140625 0.562207 0.034375 0.049296
4 0.078125 0.483568 0.040625 0.056338
4 0.115625 0.456573 0.04375 0.044601
4 0.127344 0.426056 0.045312 0.058685
4 0.58125 0.943662 0.034375 0.051643
4 0.450781 0.826291 0.029687 0.051643
4 0.460156 0.761737 0.029687 0.049296
4 0.429688 0.761737 0.040625 0.049296
4 0.436719 0.710094 0.029687 0.044601
4 0.411719 0.724178 0.026562 0.049296
4 0.357812 0.724178 0.034375 0.044601
4 0.425781 0.671362 0.039062 0.061033
4 0.492188 0.681925 0.0375 0.06338
4 0.421094 0.605634 0.026562 0.037559
4 0.432812 0.578638 0.03125 0.049296
4 0.384375 0.480047 0.034375 0.053991
4 0.416406 0.504695 0.039062 0.061033
4 0.447656 0.530516 0.039062 0.051643
4 0.479687 0.518779 0.040625 0.056338
4 0.528906 0.508216 0.039062 0.058685
4 0.553906 0.444836 0.045312 0.053991
4 0.445312 0.424883 0.04375 0.056338
4 0.471875 0.289906 0.03125 0.053991
4 0.310937 0.201878 0.0375 0.056338
4 0.446875 0.179577 0.04375 0.053991
4 0.773438 0.179577 0.0375 0.058685
4 0.785156 0.643192 0.042188 0.061033
4 0.442188 0.254695 0.046875 0.058685
4 0.248438 0.058685 0.046875 0.056338
