4 0.259766 0.941667 0.053906 0.1
4 0.173828 0.940278 0.039844 0.066667
4 0.189453 0.856944 0.017969 0.025
4 0.096875 0.853472 0.028125 0.040278
4 0.814453 0.805556 0.047656 0.094444
4 0.728516 0.734722 0.033594 0.052778
4 0.232813 0.109722 0.059375 0.102778
4 0.545703 0.144444 0.150781 0.288889
4 0.221484 0.411806 0.039844 0.081944
4 0.45625 0.35 0.035937 0.077778
4 0.541016 0.469444 0.128906 0.191667
4 0.486719 0.460417 0.064062 0.115278
4 0.448828 0.558333 0.027344 0.055556
4 0.4 0.500694 0.070312 0.109722
4 0.429297 0.679167 0.033594 0.066667
4 0.634766 0.810417 0.021094 0.040278
4 0.574609 0.921528 0.022656 0.0375
4 0.557813 0.850694 0.032813 0.076389
4 0.513672 0.752778 0.044531 0.086111
4 0.464453 0.851389 0.027344 0.069444
4 0.435156 0.921528 0.029687 0.054167
4 0.364063 0.95625 0.035937 0.056944
4 0.308203 0.909722 0.025781 0.047222
4 0.286328 0.695139 0.158594 0.298611
