4 0.545703 0.369444 0.064844 0.108333
4 0.61875 0.122917 0.01875 0.034722
4 0.254688 0.319444 0.028125 0.063889
4 0.228516 0.410417 0.069531 0.109722
4 0.149609 0.613889 0.041406 0.058333
4 0.192969 0.523611 0.0875 0.191667
4 0.112891 0.4625 0.036719 0.05
4 0.819922 0.409028 0.082031 0.120833
4 0.788672 0.541667 0.125781 0.197222
4 0.705859 0.557639 0.022656 0.043056
4 0.755469 0.625694 0.071875 0.081944
4 0.758594 0.695139 0.03125 0.054167
4 0.785156 0.676389 0.028125 0.047222
4 0.517969 0.546528 0.023438 0.045833
4 0.501172 0.259028 0.016406 0.031944
4 0.527734 0.297917 0.017969 0.034722
4 0.588281 0.247917 0.014063 0.026389
4 0.595313 0.338889 0.021875 0.038889
4 0.562891 0.295833 0.052344 0.088889
