4 0.028516 0.215972 0.057031 0.084722
4 0.669141 0.122917 0.032031 0.0625
4 0.569531 0.089583 0.042188 0.079167
4 0.512891 0.075694 0.046094 0.106944
4 0.54375 0.179861 0.034375 0.056944
4 0.5625 0.279167 0.029687 0.047222
4 0.445312 0.164583 0.039062 0.068056
4 0.494531 0.429861 0.040625 0.095833
4 0.516797 0.360417 0.032031 0.0625
4 0.366016 0.4625 0.067969 0.080556
4 0.335156 0.138194 0.054688 0.109722
4 0.308594 0.30625 0.042188 0.090278
4 0.174219 0.079167 0.059375 0.094444
4 0.406641 0.734722 0.047656 0.094444
