4 0.729688 0.578824 0.165625 0.315294
4 0.055469 0.671765 0.110937 0.181176
4 0.132031 0.762353 0.123438 0.197647
4 0.014063 0.830588 0.028125 0.164706
4 0.067187 0.912941 0.121875 0.174118
4 0.186719 0.894118 0.126562 0.207059
4 0.292969 0.874118 0.110937 0.181176
4 0.278906 0.965882 0.107813 0.068235
4 0.242969 0.68 0.110937 0.183529
4 0.310156 0.712941 0.095312 0.150588
4 0.233594 0.571765 0.098437 0.122353
4 0.152344 0.654118 0.082812 0.08
4 0.510156 0.757647 0.217188 0.357647
4 0.446094 0.82 0.114062 0.214118
4 0.653125 0.832941 0.159375 0.296471
4 0.820312 0.872941 0.178125 0.254118
4 0.896875 0.718824 0.20625 0.336471
4 0.883594 0.381176 0.232813 0.371765
4 0.697656 0.250588 0.195312 0.308235
4 0.523438 0.329412 0.159375 0.268235
4 0.619531 0.487059 0.232813 0.409412
4 0.444531 0.529412 0.164062 0.244706
