4 0.850781 0.801042 0.107813 0.139583
4 0.036719 0.822917 0.051562 0.070833
4 0.277344 0.841667 0.051562 0.066667
4 0.775781 0.808333 0.042188 0.079167
4 0.747656 0.83125 0.051562 0.066667
4 0.700781 0.696875 0.057813 0.072917
4 0.65 0.8375 0.13125 0.075
4 0.596094 0.790625 0.048438 0.077083
4 0.564063 0.747917 0.03125 0.066667
4 0.594531 0.717708 0.057813 0.085417
4 0.569531 0.682292 0.039062 0.060417
4 0.483594 0.803125 0.026562 0.03125
4 0.498437 0.759375 0.028125 0.047917
4 0.482031 0.771875 0.026562 0.035417
4 0.447656 0.792708 0.026562 0.047917
4 0.417969 0.771875 0.023438 0.039583
4 0.035156 0.478125 0.029687 0.039583
4 0.060156 0.540625 0.029687 0.035417
4 0.258594 0.469792 0.020313 0.027083
4 0.178125 0.267708 0.0125 0.010417
4 0.464844 0.2875 0.014063 0.0125
4 0.486719 0.602083 0.017188 0.025
4 0.102344 0.780208 0.023438 0.027083
4 0.111719 0.760417 0.026562 0.0375
4 0.552344 0.548958 0.017188 0.027083
4 0.574219 0.427083 0.035937 0.05
4 0.533594 0.360417 0.039062 0.054167
4 0.257812 0.79375 0.01875 0.025
