4 0.779687 0.165882 0.03125 0.04
4 0.825 0.110588 0.03125 0.037647
4 0.636719 0.611765 0.023438 0.037647
4 0.507812 0.410588 0.01875 0.030588
4 0.517188 0.432941 0.03125 0.037647
4 0.586719 0.361176 0.020313 0.035294
4 0.560156 0.337647 0.026562 0.035294
4 0.546875 0.297647 0.01875 0.030588
4 0.496094 0.337647 0.020313 0.030588
4 0.472656 0.329412 0.023438 0.037647
4 0.46875 0.241176 0.025 0.030588
4 0.495312 0.202353 0.01875 0.028235
4 0.514062 0.2 0.01875 0.028235
4 0.879687 0.187059 0.0375 0.044706
4 0.534375 0.212941 0.021875 0.04
4 0.419531 0.224706 0.029687 0.035294
4 0.460938 0.190588 0.03125 0.032941
4 0.40625 0.151765 0.034375 0.04
4 0.353906 0.109412 0.020313 0.035294
4 0.292187 0.156471 0.025 0.049412
4 0.674219 0.241176 0.029687 0.035294
4 0.334375 0.321176 0.025 0.04
4 0.610156 0.068235 0.020313 0.032941
4 0.689063 0.147059 0.021875 0.030588
4 0.716406 0.244706 0.026562 0.037647
4 0.721094 0.092941 0.026562 0.035294
