4 0.385156 0.300694 0.023438 0.070833
4 0.359766 0.123611 0.021094 0.041667
4 0.380078 0.203472 0.086719 0.056944
4 0.314063 0.322917 0.020313 0.0375
4 0.345703 0.338889 0.022656 0.058333
4 0.438281 0.279167 0.01875 0.038889
4 0.297656 0.383333 0.042188 0.044444
4 0.332031 0.413889 0.025 0.05
4 0.229687 0.422222 0.017188 0.036111
4 0.206641 0.520833 0.038281 0.058333
4 0.164062 0.600694 0.032813 0.070833
4 0.399219 0.473611 0.095312 0.169444
4 0.478125 0.450694 0.05625 0.109722
4 0.517578 0.417361 0.024219 0.059722
4 0.480469 0.35625 0.03125 0.059722
4 0.548438 0.402778 0.021875 0.033333
4 0.566797 0.496528 0.019531 0.043056
4 0.630859 0.50625 0.021094 0.045833
4 0.708984 0.545833 0.044531 0.058333
4 0.533594 0.71875 0.020313 0.040278
4 0.549219 0.655556 0.01875 0.044444
4 0.566406 0.675 0.026562 0.036111
4 0.569531 0.272917 0.040625 0.0625
