4 0.68125 0.58216 0.0375 0.070423
4 0.525781 0.448357 0.051562 0.093897
4 0.479687 0.548122 0.028125 0.039906
4 0.186719 0.298122 0.079687 0.093897
4 0.242188 0.56338 0.040625 0.051643
4 0.857812 0.219484 0.103125 0.110329
4 0.851562 0.347418 0.04375 0.075117
4 0.586719 0.233568 0.057813 0.096244
4 0.135156 0.471831 0.042188 0.061033
4 0.492188 0.311033 0.0625 0.105634
4 0.328906 0.422535 0.107813 0.159624
4 0.397656 0.688967 0.029687 0.053991
4 0.638281 0.511737 0.039062 0.056338
4 0.209375 0.643192 0.059375 0.079812
