4 0.572656 0.690141 0.070312 0.112676
4 0.533594 0.597418 0.070312 0.105634
4 0.473438 0.578638 0.059375 0.110329
4 0.509375 0.714789 0.059375 0.08216
4 0.457031 0.629108 0.070312 0.107981
4 0.453906 0.75 0.067187 0.124413
4 0.4125 0.688967 0.078125 0.115023
4 0.4 0.577465 0.065625 0.103286
4 0.334375 0.808685 0.075 0.124413
4 0.326562 0.706573 0.065625 0.107981
4 0.267188 0.698357 0.078125 0.119718
4 0.372656 0.765258 0.042188 0.093897
4 0.290625 0.502347 0.075 0.131455
4 0.34375 0.293427 0.084375 0.117371
4 0.334375 0.230047 0.0375 0.065728
4 0.28125 0.235915 0.06875 0.129108
4 0.21875 0.233568 0.059375 0.119718
4 0.1625 0.282864 0.071875 0.08216
4 0.178906 0.341549 0.101562 0.124413
4 0.2 0.43662 0.08125 0.122066
4 0.254688 0.359155 0.08125 0.117371
4 0.329688 0.396714 0.06875 0.098592
4 0.642969 0.720657 0.073438 0.107981
