4 0.532941 0.063281 0.214118 0.126562
4 0.456471 0.58125 0.230588 0.1625
4 0.735294 0.700781 0.209412 0.148438
4 0.897647 0.635938 0.204706 0.1625
4 0.957647 0.75 0.084706 0.140625
4 0.972941 0.528125 0.054118 0.125
4 0.815294 0.467187 0.218824 0.15625
4 0.827059 0.565625 0.209412 0.09375
4 0.656471 0.469531 0.192941 0.142187
4 0.591765 0.363281 0.261176 0.139063
4 0.692941 0.326562 0.185882 0.1375
4 0.545882 0.2 0.221176 0.15
4 0.84 0.321875 0.150588 0.109375
4 0.9 0.19375 0.2 0.153125
4 0.747059 0.199219 0.143529 0.120313
4 0.912941 0.076563 0.174118 0.13125
4 0.734118 0.080469 0.207059 0.139063
