4 0.725 0.368359 0.102778 0.069531
4 0.847917 0.400391 0.109722 0.075781
4 0.8125 0.368359 0.116667 0.069531
4 0.897222 0.406641 0.108333 0.066406
4 0.772222 0.398828 0.061111 0.025781
4 0.792361 0.434375 0.0875 0.051562
4 0.682639 0.421094 0.090278 0.053125
4 0.747222 0.429688 0.038889 0.039062
4 0.736806 0.471875 0.090278 0.048438
4 0.627778 0.454297 0.127778 0.052344
4 0.691667 0.496094 0.108333 0.039062
4 0.720139 0.523828 0.093056 0.052344
4 0.785417 0.5125 0.0875 0.05
4 0.827083 0.481641 0.101389 0.050781
4 0.85625 0.534375 0.098611 0.054688
4 0.778472 0.560547 0.0875 0.052344
