4 0.614062 0.267708 0.059375 0.05625
4 0.532813 0.316667 0.0125 0.016667
4 0.607031 0.389583 0.017188 0.025
4 0.630469 0.425 0.017188 0.020833
4 0.627344 0.477083 0.035937 0.054167
4 0.585938 0.498958 0.025 0.035417
4 0.651563 0.454167 0.034375 0.058333
4 0.646094 0.533333 0.026562 0.054167
4 0.710156 0.457292 0.045312 0.060417
4 0.717187 0.539583 0.071875 0.058333
4 0.600781 0.594792 0.051562 0.039583
4 0.58125 0.704167 0.028125 0.041667
4 0.424219 0.63125 0.029687 0.029167
4 0.786719 0.766667 0.064062 0.079167
4 0.796094 0.832292 0.092188 0.06875
4 0.871875 0.848958 0.04375 0.035417
4 0.839844 0.786458 0.023438 0.039583
4 0.864844 0.78125 0.023438 0.0375
4 0.889844 0.782292 0.023438 0.04375
4 0.902344 0.68125 0.032813 0.045833
4 0.954688 0.658333 0.015625 0.025
4 0.975781 0.725 0.048438 0.0375
4 0.948438 0.827083 0.053125 0.070833
4 0.740625 0.841667 0.028125 0.041667
4 0.692969 0.858333 0.026562 0.029167
4 0.582031 0.805208 0.039062 0.052083
4 0.532031 0.829167 0.026562 0.0375
4 0.514844 0.85625 0.020313 0.033333
4 0.257812 0.664583 0.05 0.054167
4 0.132812 0.466667 0.05 0.0625
4 0.020313 0.528125 0.040625 0.035417
4 0.032031 0.570833 0.035937 0.0375
4 0.1375 0.74375 0.046875 0.05
4 0.0875 0.829167 0.04375 0.075
4 0.135156 0.842708 0.048438 0.060417
4 0.047656 0.857292 0.032813 0.039583
4 0.186719 0.821875 0.014063 0.022917
4 0.359375 0.748958 0.0125 0.03125
4 0.244531 0.497917 0.039062 0.054167
4 0.267969 0.373958 0.020313 0.03125
4 0.253906 0.409375 0.017188 0.03125
4 0.407813 0.384375 0.0125 0.022917
