4 0.564063 0.612676 0.040625 0.065728
4 0.566406 0.649061 0.045312 0.053991
4 0.378906 0.692488 0.039062 0.070423
4 0.384375 0.24061 0.040625 0.058685
4 0.453125 0.20892 0.040625 0.061033
4 0.616406 0.198357 0.039062 0.068075
4 0.778125 0.431925 0.040625 0.061033
4 0.896094 0.687793 0.042188 0.061033
4 0.198437 0.596244 0.0375 0.056338
4 0.357812 0.564554 0.04375 0.068075
4 0.449219 0.463615 0.035937 0.058685
4 0.792188 0.901408 0.040625 0.061033
4 0.526563 0.903756 0.0375 0.051643
4 0.270313 0.969484 0.0375 0.061033
4 0.3375 0.673709 0.04375 0.070423
4 0.529687 0.56338 0.0375 0.061033
