4 0.594922 0.647222 0.038281 0.077778
4 0.58125 0.598611 0.045312 0.083333
4 0.553125 0.540972 0.046875 0.084722
4 0.64375 0.552083 0.040625 0.076389
4 0.683594 0.614583 0.045312 0.076389
4 0.694531 0.586806 0.040625 0.079167
4 0.703516 0.527083 0.035156 0.068056
4 0.667578 0.527083 0.047656 0.090278
4 0.684766 0.465278 0.033594 0.077778
4 0.645703 0.372917 0.041406 0.076389
4 0.651172 0.452083 0.044531 0.090278
4 0.635156 0.628472 0.045312 0.090278
4 0.616406 0.699306 0.035937 0.070833
4 0.596484 0.538194 0.055469 0.098611
4 0.657813 0.656944 0.032813 0.061111
4 0.611719 0.489583 0.045312 0.090278
4 0.595313 0.428472 0.03125 0.076389
4 0.557422 0.449306 0.049219 0.081944
4 0.615234 0.405556 0.041406 0.083333
