4 0.245312 0.928404 0.03125 0.049296
4 0.33125 0.526995 0.03125 0.053991
4 0.364844 0.528169 0.035937 0.056338
4 0.2 0.440141 0.03125 0.049296
4 0.328125 0.462441 0.034375 0.051643
4 0.428906 0.376761 0.029687 0.049296
4 0.461719 0.515258 0.032813 0.053991
4 0.5375 0.525822 0.040625 0.056338
4 0.366406 0.174883 0.032813 0.049296
4 0.405469 0.225352 0.032813 0.051643
4 0.582812 0.106808 0.03125 0.053991
4 0.740625 0.339202 0.034375 0.053991
4 0.215625 0.778169 0.03125 0.049296
4 0.466406 0.773474 0.029687 0.044601
4 0.799219 0.575117 0.035937 0.056338
4 0.716406 0.803991 0.032813 0.049296
