4 0.830469 0.621212 0.032813 0.046832
4 0.102344 0.14876 0.054688 0.088154
4 0.422656 0.172176 0.035937 0.07438
4 0.761719 0.695592 0.060937 0.190083
4 0.961719 0.652893 0.035937 0.060606
4 0.957031 0.849862 0.035937 0.068871
4 0.864062 0.88843 0.034375 0.07438
4 0.924219 0.983471 0.035937 0.033058
4 0.851562 0.984848 0.028125 0.030303
4 0.689844 0.964187 0.042188 0.066116
4 0.523438 0.461433 0.03125 0.068871
4 0.573438 0.592287 0.028125 0.060606
4 0.632031 0.663912 0.029687 0.055096
4 0.621875 0.549587 0.028125 0.052342
4 0.670312 0.553719 0.034375 0.049587
4 0.694531 0.431129 0.042188 0.063361
4 0.61875 0.439394 0.034375 0.057851
4 0.442188 0.595041 0.028125 0.071625
4 0.417969 0.64876 0.032813 0.046832
4 0.503906 0.69146 0.029687 0.055096
4 0.367188 0.772727 0.05 0.107438
4 0.292187 0.833333 0.034375 0.068871
4 0.067187 0.932507 0.0375 0.068871
4 0.16875 0.600551 0.0375 0.071625
4 0.215625 0.399449 0.03125 0.060606
4 0.321094 0.417355 0.029687 0.041322
4 0.371875 0.516529 0.034375 0.123967
4 0.496875 0.38843 0.021875 0.038567
4 0.564063 0.358127 0.025 0.044077
