4 0.414062 0.822917 0.0875 0.104167
4 0.479687 0.8625 0.0125 0.020833
4 0.396094 0.691667 0.060937 0.066667
4 0.228125 0.784375 0.046875 0.097917
4 0.135937 0.775 0.053125 0.066667
4 0.309375 0.530208 0.26875 0.227083
4 0.574219 0.844792 0.026562 0.027083
4 0.595313 0.816667 0.015625 0.029167
4 0.665625 0.835417 0.01875 0.029167
4 0.703906 0.765625 0.026562 0.039583
4 0.90625 0.742708 0.1875 0.26875
4 0.814063 0.60625 0.0125 0.020833
4 0.844531 0.54375 0.023438 0.016667
4 0.66875 0.64375 0.01875 0.025
4 0.677344 0.508333 0.267188 0.1625
4 0.852344 0.413542 0.032813 0.072917
4 0.939063 0.403125 0.121875 0.285417
4 0.715625 0.275 0.290625 0.291667
4 0.405469 0.271875 0.326562 0.289583
4 0.150781 0.435417 0.029687 0.033333
4 0.086719 0.584375 0.173437 0.227083
4 0.116406 0.25625 0.232813 0.254167
