4 0.323437 0.457547 0.1625 0.268868
4 0.478125 0.346698 0.15625 0.165094
4 0.1625 0.5625 0.18125 0.294811
4 0.460938 0.540094 0.175 0.311321
4 0.617188 0.459906 0.2 0.353774
4 0.717187 0.698113 0.1875 0.311321
4 0.873437 0.660377 0.15625 0.193396
4 0.923438 0.985849 0.128125 0.028302
4 0.888281 0.820755 0.214062 0.316038
4 0.739062 0.935142 0.20625 0.129717
4 0.592969 0.823113 0.220312 0.349057
4 0.353125 0.926887 0.18125 0.146226
4 0.39375 0.729953 0.209375 0.389151
4 0.248438 0.713443 0.146875 0.275943
4 0.171094 0.818396 0.192188 0.264151
4 0.194531 0.964623 0.126562 0.066038
4 0.073438 0.915094 0.146875 0.165094
