4 0.630469 0.698357 0.051562 0.096244
4 0.946094 0.588028 0.060937 0.086854
4 0.632812 0.543427 0.053125 0.157277
4 0.866406 0.03169 0.045312 0.06338
4 0.985156 0.233568 0.029687 0.115023
4 0.924219 0.423709 0.057813 0.08216
4 0.713281 0.670188 0.070312 0.147887
4 0.692187 0.86385 0.046875 0.061033
4 0.534375 0.95892 0.0375 0.049296
4 0.607031 0.976526 0.085938 0.046948
4 0.029687 0.848592 0.059375 0.119718
4 0.146875 0.726526 0.059375 0.091549
4 0.211719 0.884977 0.076563 0.126761
4 0.309375 0.957746 0.059375 0.084507
4 0.450781 0.848592 0.039062 0.068075
4 0.435937 0.681925 0.05 0.091549
4 0.364063 0.406103 0.1 0.159624
4 0.296875 0.511737 0.08125 0.107981
4 0.275 0.622066 0.046875 0.075117
4 0.447656 0.539906 0.070312 0.126761
4 0.478906 0.28169 0.104688 0.211268
4 0.549219 0.343897 0.060937 0.08216
4 0.692969 0.228873 0.045312 0.068075
4 0.78125 0.32277 0.04375 0.068075
4 0.674219 0.360329 0.057813 0.091549
