4 0.599765 0.527344 0.086854 0.054688
4 0.673709 0.349219 0.098592 0.064062
4 0.514085 0.34375 0.098592 0.059375
4 0.42723 0.3875 0.075117 0.0625
4 0.353286 0.423438 0.08216 0.0625
4 0.321596 0.4875 0.079812 0.059375
4 0.431925 0.525 0.070423 0.05625
4 0.464789 0.484375 0.079812 0.040625
4 0.492958 0.442969 0.093897 0.064062
4 0.518779 0.380469 0.093897 0.045312
4 0.568075 0.403906 0.084507 0.064062
4 0.617371 0.396094 0.075117 0.057813
4 0.679577 0.433594 0.077465 0.064062
4 0.698357 0.489063 0.08216 0.059375
4 0.593897 0.446875 0.079812 0.04375
4 0.576291 0.489063 0.08216 0.046875
