4 0.632812 0.484706 0.40625 0.574118
4 0.153125 0.636471 0.03125 0.04
4 0.116406 0.628235 0.023438 0.056471
4 0.176563 0.789412 0.021875 0.04
4 0.127344 0.755294 0.026562 0.037647
4 0.066406 0.727059 0.026562 0.037647
4 0.057813 0.618824 0.1 0.16
4 0.083594 0.872941 0.057813 0.084706
4 0.325781 0.650588 0.020313 0.030588
4 0.367188 0.538824 0.05 0.08
4 0.897656 0.496471 0.076563 0.070588
4 0.4375 0.378824 0.0125 0.023529
4 0.203906 0.488235 0.032813 0.063529
4 0.257812 0.401176 0.01875 0.035294
4 0.226562 0.369412 0.021875 0.037647
4 0.046875 0.256471 0.09375 0.122353
4 0.121094 0.398824 0.045312 0.058824
4 0.233594 0.548235 0.026562 0.042353
