4 0.698047 0.988889 0.049219 0.022222
4 0.401562 0.273611 0.101562 0.2
4 0.126953 0.331944 0.096094 0.141667
4 0.210938 0.915278 0.179688 0.169444
4 0.263672 0.658333 0.094531 0.255556
4 0.398438 0.970833 0.060937 0.058333
4 0.450781 0.840972 0.0625 0.151389
4 0.540625 0.643056 0.0625 0.111111
4 0.596094 0.844444 0.095312 0.238889
4 0.748828 0.867361 0.064844 0.115278
4 0.950781 0.867361 0.098437 0.265278
4 0.765234 0.577083 0.224219 0.390278
4 0.917578 0.056944 0.107031 0.113889
4 0.657422 0.092361 0.117969 0.184722
4 0.275781 0.054167 0.251563 0.108333
