4 0.692187 0.598592 0.03125 0.046948
4 0.70625 0.526995 0.034375 0.049296
4 0.646875 0.464789 0.03125 0.051643
4 0.619531 0.503521 0.032813 0.049296
4 0.578906 0.437793 0.032813 0.044601
4 0.575781 0.329812 0.029687 0.044601
4 0.545312 0.325117 0.03125 0.049296
4 0.317969 0.435446 0.035937 0.044601
4 0.534375 0.66784 0.03125 0.053991
4 0.530469 0.696009 0.032813 0.030516
4 0.546875 0.802817 0.034375 0.051643
4 0.592969 0.774648 0.029687 0.051643
4 0.628906 0.699531 0.032813 0.046948
4 0.686719 0.670188 0.029687 0.044601
4 0.45 0.207746 0.04375 0.06338
4 0.729688 0.704225 0.025 0.051643
