4 0.036719 0.324022 0.020313 0.050279
4 0.016406 0.087989 0.032813 0.058659
4 0.051562 0.032123 0.028125 0.058659
4 0.082812 0.030726 0.03125 0.061453
4 0.107031 0.037709 0.029687 0.064246
4 0.141406 0.060056 0.026562 0.053073
4 0.155469 0.094972 0.032813 0.055866
4 0.120313 0.083799 0.028125 0.055866
4 0.085156 0.089385 0.029687 0.061453
4 0.061719 0.086592 0.026562 0.050279
4 0.046094 0.122905 0.026562 0.044693
4 0.030469 0.215084 0.032813 0.061453
4 0.021875 0.297486 0.0375 0.064246
4 0.014844 0.27095 0.029687 0.050279
4 0.063281 0.331006 0.032813 0.058659
4 0.083594 0.318436 0.020313 0.044693
4 0.095312 0.247207 0.03125 0.053073
4 0.102344 0.293296 0.026562 0.039106
4 0.124219 0.303073 0.026562 0.053073
4 0.146875 0.26676 0.034375 0.047486
4 0.153906 0.210894 0.029687 0.047486
4 0.152344 0.156425 0.029687 0.050279
4 0.096875 0.188547 0.0375 0.064246
4 0.122656 0.146648 0.029687 0.053073
4 0.128125 0.199721 0.025 0.053073
4 0.117969 0.24581 0.017188 0.044693
4 0.029687 0.163408 0.028125 0.036313
4 0.05625 0.182961 0.025 0.053073
4 0.058594 0.244413 0.026562 0.053073
4 0.011719 0.142458 0.023438 0.050279
4 0.0875 0.142458 0.034375 0.044693
