4 0.510156 0.252083 0.045312 0.059722
4 0.282813 0.609028 0.0625 0.190278
4 0.354687 0.218056 0.015625 0.033333
4 0.330078 0.174306 0.011719 0.029167
4 0.376563 0.163194 0.014063 0.043056
4 0.376953 0.097222 0.019531 0.036111
4 0.329297 0.56875 0.025781 0.079167
4 0.24375 0.422222 0.028125 0.055556
4 0.197266 0.449306 0.019531 0.031944
4 0.282422 0.319444 0.013281 0.030556
4 0.438281 0.208333 0.09375 0.136111
4 0.313672 0.352778 0.011719 0.025
4 0.328906 0.410417 0.029687 0.034722
4 0.328906 0.290972 0.015625 0.0625
4 0.5 0.4125 0.015625 0.027778
4 0.553125 0.266667 0.014063 0.025
4 0.573438 0.352778 0.014063 0.027778
4 0.660156 0.391667 0.035937 0.086111
4 0.349219 0.288194 0.0125 0.023611
4 0.043359 0.627778 0.025781 0.05
4 0.425391 0.292361 0.013281 0.026389
4 0.490234 0.373611 0.016406 0.027778
4 0.460938 0.3125 0.021875 0.038889
4 0.509375 0.354861 0.017188 0.051389
4 0.485547 0.306944 0.011719 0.022222
4 0.532031 0.321528 0.014063 0.023611
