4 0.446934 0.2875 0.125 0.075
4 0.610849 0.235937 0.09434 0.0875
4 0.479953 0.207813 0.106132 0.0875
4 0.580189 0.2 0.099057 0.075
4 0.681604 0.228906 0.084906 0.076563
4 0.771226 0.253125 0.099057 0.075
4 0.662736 0.300781 0.108491 0.070312
4 0.739387 0.339062 0.120283 0.059375
4 0.779481 0.369531 0.063679 0.042188
4 0.722877 0.4 0.091981 0.065625
4 0.632075 0.382812 0.084906 0.065625
4 0.576651 0.3375 0.096698 0.059375
4 0.518868 0.428906 0.089623 0.064062
4 0.491745 0.349219 0.087264 0.060937
4 0.557783 0.279687 0.096698 0.059375
