4 0.582639 0.570312 0.0125 0.007812
4 0.960417 0.441797 0.023611 0.014844
4 0.968056 0.405859 0.019444 0.010156
4 0.897917 0.422656 0.023611 0.0125
4 0.853472 0.427734 0.018056 0.010156
4 0.745139 0.434766 0.020833 0.008594
4 0.838194 0.458203 0.020833 0.011719
4 0.761111 0.459766 0.019444 0.010156
4 0.813889 0.472656 0.033333 0.020313
4 0.786111 0.492188 0.016667 0.009375
4 0.733333 0.495703 0.019444 0.011719
4 0.544444 0.508594 0.013889 0.007812
4 0.617361 0.524219 0.0125 0.009375
4 0.642361 0.510938 0.018056 0.0125
4 0.594444 0.602734 0.011111 0.008594
4 0.940278 0.505859 0.016667 0.011719
4 0.529167 0.557813 0.013889 0.009375
4 0.495833 0.578516 0.013889 0.008594
4 0.493056 0.560547 0.013889 0.008594
4 0.454167 0.564063 0.011111 0.007812
4 0.39375 0.569531 0.015278 0.009375
4 0.320833 0.573047 0.013889 0.008594
4 0.219444 0.638281 0.013889 0.009375
4 0.429167 0.538281 0.013889 0.010937
4 0.440972 0.492188 0.0125 0.009375
4 0.588889 0.321875 0.025 0.0125
