4 0.039062 0.011737 0.06875 0.023474
4 0.475 0.442488 0.046875 0.068075
4 0.775 0.981221 0.065625 0.037559
4 0.588281 0.887324 0.073438 0.107981
4 0.51875 0.778169 0.065625 0.124413
4 0.490625 0.721831 0.059375 0.086854
4 0.510156 0.630282 0.070312 0.110329
4 0.455469 0.584507 0.039062 0.065728
4 0.448437 0.66784 0.075 0.105634
4 0.390625 0.629108 0.075 0.131455
4 0.164844 0.706573 0.067187 0.079812
4 0.179688 0.626761 0.078125 0.122066
4 0.264062 0.369718 0.078125 0.110329
4 0.166406 0.419014 0.051562 0.086854
4 0.0375 0.369718 0.06875 0.100939
4 0.046875 0.183099 0.09375 0.107981
4 0.107813 0.187793 0.028125 0.061033
4 0.135937 0.225352 0.075 0.140845
4 0.217188 0.230047 0.103125 0.150235
4 0.265625 0.261737 0.0625 0.110329
4 0.249219 0.159624 0.064062 0.093897
4 0.403125 0.301643 0.05625 0.100939
4 0.454688 0.211268 0.065625 0.084507
4 0.592969 0.329812 0.064062 0.119718
4 0.607031 0.241784 0.035937 0.070423
4 0.560937 0.537559 0.040625 0.065728
4 0.551562 0.678404 0.04375 0.028169
4 0.578125 0.627934 0.08125 0.100939
4 0.641406 0.634977 0.064062 0.077465
4 0.652344 0.577465 0.076563 0.089202
4 0.778906 0.705399 0.057813 0.110329
4 0.777344 0.630282 0.070312 0.068075
4 0.7875 0.292254 0.04375 0.06338
4 0.780469 0.137324 0.035937 0.053991
