4 0.106445 0.980966 0.037109 0.038067
4 0.86377 0.146413 0.045898 0.070278
4 0.797363 0.136896 0.040039 0.065886
4 0.799316 0.27306 0.03418 0.065886
4 0.787109 0.295754 0.033203 0.064422
4 0.75 0.333821 0.035156 0.055637
4 0.30127 0.418741 0.024414 0.035139
4 0.415039 0.491947 0.046875 0.055637
4 0.310059 0.505124 0.041992 0.076135
4 0.1875 0.598097 0.052734 0.060029
4 0.230469 0.541728 0.023438 0.029283
4 0.14209 0.675695 0.041992 0.054173
4 0.1875 0.719619 0.041016 0.065886
4 0.240234 0.70571 0.021484 0.029283
4 0.235352 0.650073 0.044922 0.06735
4 0.261719 0.605417 0.021484 0.036603
4 0.285645 0.576867 0.024414 0.035139
4 0.340332 0.669107 0.03418 0.035139
4 0.599609 0.426061 0.048828 0.084919
4 0.545898 0.314056 0.042969 0.057101
4 0.695801 0.220351 0.036133 0.060029
4 0.655273 0.050512 0.03125 0.048316
4 0.887695 0.3653 0.046875 0.068814
4 0.854492 0.334553 0.035156 0.060029
4 0.805664 0.486823 0.037109 0.060029
4 0.687988 0.581259 0.045898 0.070278
4 0.791016 0.789898 0.041016 0.077599
4 0.637695 0.754758 0.054688 0.09224
4 0.478516 0.833089 0.039062 0.061493
4 0.45752 0.860176 0.05957 0.089312
4 0.437012 0.899707 0.055664 0.101025
4 0.388672 0.976574 0.050781 0.046852
4 0.348633 0.896779 0.025391 0.033675
4 0.435547 0.771596 0.021484 0.040996
4 0.379395 0.82284 0.022461 0.029283
4 0.361328 0.773792 0.048828 0.071742
4 0.304688 0.800146 0.021484 0.033675
4 0.266602 0.759883 0.025391 0.029283
4 0.231445 0.833821 0.037109 0.045388
4 0.280762 0.947291 0.030273 0.038067
4 0.255859 0.983895 0.041016 0.032211
4 0.243652 0.919473 0.030273 0.040996
4 0.225098 0.956808 0.02832 0.04246
4 0.164062 0.970717 0.027344 0.040996
4 0.216309 0.895315 0.03418 0.051245
4 0.012695 0.983163 0.025391 0.033675
4 0.071777 0.800146 0.026367 0.030747
