4 0.179245 0.546094 0.042453 0.039062
4 0.162736 0.578906 0.042453 0.023438
4 0.132075 0.550781 0.061321 0.035937
4 0.135613 0.591406 0.054245 0.032813
4 0.186321 0.627344 0.103774 0.035937
4 0.075472 0.660156 0.051887 0.035937
4 0.041274 0.646875 0.044811 0.025
4 0.273585 0.64375 0.051887 0.0375
4 0.438679 0.653125 0.051887 0.034375
4 0.580189 0.707812 0.018868 0.015625
4 0.478774 0.689844 0.051887 0.029687
4 0.439858 0.795312 0.044811 0.034375
4 0.431604 0.757812 0.051887 0.040625
4 0.393868 0.789844 0.051887 0.039062
4 0.477594 0.8 0.054245 0.04375
4 0.424528 0.841406 0.075472 0.054688
4 0.377358 0.860938 0.042453 0.028125
4 0.336085 0.835156 0.040094 0.029687
4 0.364387 0.829688 0.040094 0.03125
4 0.308962 0.808594 0.051887 0.026562
4 0.310142 0.782031 0.054245 0.039062
4 0.403302 0.939844 0.018868 0.017188
4 0.773585 0.303906 0.056604 0.039062
4 0.816038 0.302344 0.042453 0.035937
4 0.864387 0.295312 0.054245 0.0375
4 0.801887 0.252344 0.061321 0.064062
4 0.858491 0.213281 0.066038 0.042188
4 0.924528 0.169531 0.070755 0.054688
4 0.897406 0.242969 0.049528 0.035937
4 0.918632 0.264062 0.058962 0.040625
4 0.946934 0.304688 0.054245 0.0375
4 0.965802 0.327344 0.040094 0.029687
4 0.919811 0.339062 0.056604 0.028125
4 0.9375 0.364844 0.058962 0.032813
4 0.853774 0.338281 0.04717 0.029687
4 0.889151 0.428125 0.056604 0.0375
4 0.981132 0.445312 0.037736 0.0375
4 0.876179 0.480469 0.091981 0.048438
4 0.800708 0.345313 0.054245 0.034375
4 0.919811 0.469531 0.042453 0.042188
4 0.955189 0.480469 0.051887 0.039062
4 0.991745 0.504687 0.016509 0.0375
4 0.978774 0.545312 0.033019 0.021875
4 0.649764 0.476562 0.021226 0.015625
4 0.633255 0.454688 0.049528 0.034375
4 0.561321 0.430469 0.018868 0.014063
4 0.544811 0.305469 0.061321 0.035937
4 0.543632 0.266406 0.058962 0.039062
4 0.535377 0.175 0.061321 0.05
4 0.4375 0.252344 0.054245 0.035937
4 0.455189 0.416406 0.051887 0.032813
4 0.270047 0.275781 0.058962 0.035937
4 0.226415 0.350781 0.056604 0.039062
4 0.183962 0.316406 0.061321 0.035937
4 0.192217 0.435937 0.058962 0.0375
4 0.325472 0.553125 0.04717 0.034375
4 0.298349 0.539844 0.063679 0.045312
4 0.3125 0.590625 0.063679 0.03125
4 0.277123 0.586719 0.054245 0.032813
4 0.23467 0.577344 0.044811 0.029687
4 0.215802 0.552344 0.054245 0.054688
