4 0.325694 0.358203 0.034722 0.019531
4 0.575694 0.328516 0.040278 0.021094
4 0.455556 0.399219 0.036111 0.023438
4 0.676389 0.382422 0.038889 0.024219
4 0.757639 0.285547 0.0375 0.028906
4 0.443056 0.251563 0.036111 0.020313
4 0.943056 0.13125 0.041667 0.025
4 0.982639 0.278125 0.034722 0.032813
4 0.822222 0.396094 0.055556 0.032813
4 0.688194 0.444922 0.043056 0.025781
4 0.779167 0.577344 0.058333 0.032813
4 0.390972 0.708203 0.026389 0.016406
4 0.340278 0.636328 0.044444 0.032031
4 0.525694 0.456641 0.059722 0.035156
4 0.129861 0.810156 0.023611 0.017188
4 0.204861 0.727344 0.023611 0.014063
4 0.233333 0.700781 0.019444 0.0125
4 0.149306 0.707812 0.023611 0.015625
4 0.082639 0.685937 0.029167 0.020313
4 0.129167 0.623828 0.027778 0.016406
4 0.058333 0.630469 0.025 0.014063
4 0.155556 0.503516 0.027778 0.016406
4 0.247222 0.557813 0.025 0.017188
4 0.35625 0.588672 0.023611 0.013281
4 0.384028 0.553906 0.020833 0.014063
4 0.454167 0.533984 0.025 0.014844
