4 0.782031 0.507031 0.092188 0.079687
4 0.460938 0.36875 0.040625 0.040625
4 0.603906 0.321094 0.054688 0.060937
4 0.619531 0.252344 0.042188 0.042188
4 0.538281 0.285156 0.051562 0.048438
4 0.415625 0.264062 0.034375 0.034375
4 0.460938 0.241406 0.0375 0.032813
4 0.476562 0.186719 0.053125 0.042188
4 0.525781 0.160156 0.032813 0.029687
4 0.56875 0.146875 0.04375 0.05625
4 0.258594 0.160156 0.051562 0.057813
4 0.25625 0.114844 0.03125 0.032813
4 0.217188 0.123438 0.034375 0.034375
4 0.199219 0.203125 0.057813 0.065625
4 0.039062 0.228906 0.078125 0.082812
4 0.395313 0.396875 0.0375 0.05
4 0.566406 0.402344 0.039062 0.051562
4 0.500781 0.410156 0.089063 0.076563
4 0.028125 0.960938 0.05625 0.075
4 0.039844 0.746094 0.079687 0.082812
4 0.71875 0.844531 0.0625 0.067187
4 0.567969 0.825781 0.079687 0.092188
4 0.522656 0.599219 0.076563 0.070312
4 0.576562 0.589063 0.04375 0.046875
4 0.635156 0.532031 0.045312 0.039062
4 0.657813 0.485938 0.04375 0.040625
4 0.760938 0.559375 0.053125 0.040625
4 0.90625 0.575 0.0875 0.071875
