4 0.94375 0.562207 0.0375 0.044601
4 0.599219 0.03169 0.029687 0.053991
4 0.444531 0.107981 0.029687 0.046948
4 0.510156 0.184272 0.032813 0.053991
4 0.491406 0.246479 0.039062 0.042254
4 0.514844 0.279343 0.032813 0.042254
4 0.648438 0.305164 0.03125 0.051643
4 0.984375 0.257042 0.03125 0.06338
4 0.782813 0.318075 0.0375 0.044601
4 0.894531 0.389671 0.035937 0.046948
4 0.910156 0.441315 0.032813 0.051643
4 0.817187 0.392019 0.03125 0.042254
4 0.794531 0.410798 0.032813 0.042254
4 0.670312 0.41784 0.034375 0.042254
4 0.735156 0.480047 0.032813 0.053991
4 0.766406 0.505869 0.035937 0.049296
4 0.678906 0.505869 0.039062 0.049296
4 0.700781 0.494131 0.026562 0.044601
4 0.717187 0.562207 0.03125 0.039906
4 0.597656 0.451878 0.035937 0.044601
4 0.63125 0.56338 0.03125 0.042254
4 0.595313 0.562207 0.034375 0.044601
4 0.579688 0.605634 0.034375 0.037559
4 0.539062 0.611502 0.040625 0.049296
4 0.579688 0.651408 0.03125 0.053991
4 0.6 0.646714 0.01875 0.053991
4 0.717187 0.618545 0.034375 0.044601
4 0.665625 0.715962 0.034375 0.061033
4 0.616406 0.720657 0.035937 0.046948
4 0.874219 0.542254 0.029687 0.056338
4 0.938281 0.644366 0.026562 0.044601
4 0.932813 0.704225 0.03125 0.042254
4 0.825781 0.649061 0.029687 0.044601
4 0.84375 0.698357 0.034375 0.044601
4 0.348438 0.504695 0.03125 0.056338
4 0.410156 0.551643 0.032813 0.046948
4 0.529687 0.487089 0.0375 0.06338
4 0.405469 0.663146 0.032813 0.039906
4 0.458594 0.728873 0.029687 0.049296
4 0.41875 0.81338 0.034375 0.044601
4 0.516406 0.846244 0.029687 0.049296
4 0.577344 0.82277 0.026562 0.049296
4 0.363281 0.954225 0.035937 0.058685
4 0.044531 0.676056 0.020313 0.032864
