4 0.012109 0.345139 0.024219 0.093056
4 0.045312 0.802778 0.090625 0.211111
4 0.124219 0.748611 0.04375 0.083333
4 0.205078 0.675 0.078906 0.113889
4 0.244531 0.607639 0.05 0.104167
4 0.346094 0.644444 0.10625 0.133333
4 0.344141 0.788194 0.041406 0.079167
4 0.466406 0.574306 0.053125 0.120833
4 0.448047 0.929167 0.047656 0.108333
4 0.547266 0.869444 0.046094 0.102778
4 0.292969 0.463889 0.045312 0.088889
4 0.061328 0.516667 0.049219 0.088889
4 0.060937 0.211111 0.121875 0.183333
4 0.492578 0.286111 0.063281 0.116667
4 0.645703 0.297222 0.108594 0.161111
4 0.621484 0.0875 0.075781 0.144444
4 0.679688 0.035417 0.078125 0.070833
4 0.753516 0.051389 0.058594 0.102778
4 0.817969 0.339583 0.060937 0.1125
4 0.955078 0.15625 0.089844 0.2125
4 0.923828 0.365278 0.066406 0.205556
