4 0.358594 0.857647 0.032813 0.049412
4 0.494531 0.338824 0.032813 0.056471
4 0.442969 0.090588 0.029687 0.044706
4 0.442188 0.158824 0.025 0.04
4 0.488281 0.202353 0.032813 0.051765
4 0.54375 0.398824 0.03125 0.058824
4 0.592187 0.469412 0.0375 0.049412
4 0.566406 0.531765 0.035937 0.047059
4 0.382031 0.444706 0.035937 0.061176
4 0.303906 0.424706 0.035937 0.058824
4 0.315625 0.487059 0.028125 0.047059
4 0.272656 0.503529 0.032813 0.037647
4 0.360156 0.572941 0.035937 0.105882
4 0.304688 0.608235 0.059375 0.091765
4 0.525781 0.664706 0.035937 0.096471
4 0.507812 0.6 0.040625 0.075294
4 0.442969 0.655294 0.032813 0.049412
4 0.392188 0.654118 0.0375 0.070588
4 0.359375 0.721176 0.028125 0.035294
4 0.350781 0.357647 0.039062 0.051765
4 0.366406 0.794118 0.032813 0.044706
4 0.617969 0.855294 0.035937 0.058824
4 0.639062 0.788235 0.034375 0.065882
4 0.591406 0.801176 0.029687 0.049412
4 0.551562 0.847059 0.03125 0.084706
4 0.525781 0.765882 0.048438 0.115294
4 0.474219 0.804706 0.067187 0.155294
4 0.820312 0.725882 0.05625 0.072941
