4 0.171765 0.278125 0.108235 0.0625
4 0.655294 0.6 0.058824 0.053125
4 0.534118 0.564844 0.056471 0.051562
4 0.415294 0.4375 0.058824 0.04375
4 0.641176 0.353906 0.072941 0.054688
4 0.845882 0.396094 0.058824 0.042188
4 0.756471 0.247656 0.077647 0.054688
4 0.803529 0.291406 0.068235 0.045312
4 0.818824 0.246875 0.056471 0.04375
4 0.902353 0.238281 0.077647 0.051562
4 0.987059 0.224219 0.025882 0.045312
4 0.848235 0.151562 0.072941 0.046875
4 0.665882 0.166406 0.070588 0.048438
4 0.717647 0.092969 0.075294 0.057813
4 0.037647 0.494531 0.075294 0.051562
4 0.768235 0.069531 0.063529 0.045312
4 0.637647 0.026562 0.084706 0.053125
4 0.210588 0.0125 0.101176 0.025
4 0.14 0.088281 0.072941 0.051562
4 0.055294 0.303125 0.110588 0.1125
4 0.269412 0.203906 0.077647 0.048438
4 0.104706 0.25 0.101176 0.046875
