4 0.397656 0.386408 0.051562 0.054369
4 0.25625 0.582524 0.04375 0.050485
4 0.251563 0.531068 0.05625 0.056311
4 0.115625 0.569903 0.046875 0.056311
4 0.178906 0.465049 0.045312 0.067961
4 0.242969 0.471845 0.057813 0.073786
4 0.275781 0.450485 0.051562 0.073786
4 0.35 0.550485 0.059375 0.079612
4 0.354687 0.466019 0.053125 0.073786
4 0.31875 0.361165 0.05 0.062136
4 0.384375 0.333981 0.06875 0.073786
4 0.340625 0.314563 0.040625 0.058252
4 0.286719 0.278641 0.054688 0.064078
4 0.476562 0.414563 0.046875 0.060194
4 0.497656 0.345631 0.045312 0.058252
4 0.464062 0.27767 0.046875 0.066019
4 0.454688 0.129126 0.046875 0.067961
4 0.478906 0.099029 0.048438 0.07767
4 0.497656 0.205825 0.048438 0.058252
4 0.572656 0.221359 0.051562 0.066019
4 0.603906 0.290291 0.048438 0.067961
4 0.677344 0.270874 0.054688 0.083495
4 0.857812 0.417476 0.0625 0.066019
4 0.647656 0.362136 0.048438 0.060194
4 0.63125 0.573786 0.053125 0.060194
4 0.646094 0.51068 0.048438 0.062136
4 0.589063 0.545631 0.040625 0.058252
4 0.610156 0.699029 0.051562 0.073786
4 0.464844 0.885437 0.048438 0.066019
4 0.624219 0.936893 0.048438 0.067961
4 0.7125 0.830097 0.046875 0.056311
4 0.696094 0.77767 0.048438 0.067961
4 0.789844 0.894175 0.045312 0.060194
4 0.749219 0.883495 0.042188 0.058252
