4 0.30625 0.299296 0.034375 0.053991
4 0.05625 0.170188 0.0875 0.096244
4 0.801562 0.014085 0.0375 0.028169
4 0.83125 0.055164 0.075 0.100939
4 0.669531 0.102113 0.039062 0.053991
4 0.797656 0.806338 0.032813 0.058685
4 0.410156 0.916667 0.035937 0.068075
4 0.273438 0.875587 0.08125 0.126761
4 0.233594 0.848592 0.023438 0.049296
4 0.326562 0.704225 0.040625 0.061033
4 0.264844 0.694836 0.029687 0.042254
4 0.339844 0.565728 0.020313 0.032864
4 0.394531 0.5223 0.020313 0.030516
4 0.43125 0.586854 0.021875 0.028169
4 0.449219 0.556338 0.020313 0.037559
4 0.470313 0.511737 0.015625 0.023474
4 0.522656 0.61385 0.017188 0.025822
4 0.540625 0.593897 0.021875 0.028169
4 0.616406 0.577465 0.020313 0.028169
4 0.615625 0.469484 0.090625 0.131455
4 0.649219 0.361502 0.017188 0.028169
4 0.686719 0.43662 0.017188 0.028169
4 0.507812 0.41784 0.0375 0.056338
4 0.534375 0.45892 0.025 0.044601
4 0.521094 0.312207 0.035937 0.065728
4 0.479687 0.214789 0.009375 0.016432
4 0.360938 0.31338 0.0125 0.025822
4 0.375781 0.325117 0.014063 0.021127
