4 0.432031 0.90493 0.107813 0.190141
4 0.526563 0.715962 0.128125 0.183099
4 0.561719 0.806338 0.123438 0.176056
4 0.526563 0.890845 0.109375 0.157277
4 0.414062 0.658451 0.103125 0.157277
4 0.505469 0.559859 0.110937 0.180751
4 0.708594 0.511737 0.107813 0.169014
4 0.625 0.549296 0.125 0.183099
4 0.659375 0.653756 0.1375 0.176056
4 0.68125 0.733568 0.128125 0.152582
4 0.634375 0.842723 0.10625 0.126761
4 0.329688 0.336854 0.121875 0.199531
4 0.230469 0.318075 0.098437 0.185446
4 0.320312 0.15493 0.10625 0.183099
4 0.378125 0.226526 0.11875 0.213615
4 0.45 0.150235 0.09375 0.173709
4 0.554688 0.134977 0.13125 0.21831
4 0.499219 0.268779 0.123438 0.204225
4 0.584375 0.265258 0.0625 0.13615
4 0.672656 0.361502 0.129688 0.192488
4 0.558594 0.419014 0.101562 0.190141
4 0.458594 0.399061 0.120313 0.183099
4 0.3875 0.525822 0.115625 0.183099
4 0.253906 0.491784 0.132812 0.190141
4 0.182031 0.545775 0.079687 0.129108
4 0.221094 0.649061 0.129688 0.171362
4 0.175 0.724178 0.040625 0.105634
4 0.247656 0.785211 0.117188 0.157277
4 0.35625 0.768779 0.115625 0.115023
4 0.332813 0.657277 0.1 0.178404
4 0.439063 0.775822 0.0625 0.077465
