4 0.557813 0.976389 0.046875 0.047222
4 0.161719 0.720139 0.045312 0.076389
4 0.16875 0.408333 0.039062 0.072222
4 0.033984 0.974306 0.063281 0.051389
4 0.582812 0.095833 0.046875 0.086111
4 0.937891 0.238889 0.067969 0.091667
4 0.921875 0.354861 0.053125 0.095833
4 0.881641 0.382639 0.021094 0.043056
4 0.841406 0.504861 0.017188 0.029167
4 0.777344 0.588194 0.021875 0.0375
4 0.857422 0.625 0.017969 0.033333
4 0.808203 0.665278 0.022656 0.041667
4 0.842187 0.709722 0.017188 0.030556
4 0.759766 0.701389 0.067969 0.116667
4 0.652734 0.85625 0.042969 0.095833
4 0.614062 0.951389 0.059375 0.097222
4 0.658594 0.980556 0.03125 0.038889
