4 0.227425 0.990625 0.036789 0.015625
4 0.282609 0.935937 0.040134 0.040625
4 0.240803 0.914062 0.056856 0.0375
4 0.179766 0.917188 0.051839 0.065625
4 0.264214 0.860156 0.0301 0.048438
4 0.19398 0.832812 0.050167 0.04375
4 0.122074 0.888281 0.0301 0.035937
4 0.045987 0.786719 0.091973 0.092188
4 0.158863 0.76875 0.070234 0.09375
4 0.194816 0.688281 0.058528 0.057813
4 0.934783 0.863281 0.076923 0.051562
4 0.873746 0.90625 0.048495 0.034375
4 0.584448 0.979688 0.055184 0.040625
4 0.541806 0.983594 0.036789 0.032813
4 0.529264 0.989062 0.041806 0.021875
4 0.460702 0.975781 0.061873 0.048438
4 0.321906 0.976562 0.038462 0.046875
4 0.366221 0.978906 0.073579 0.042188
4 0.327759 0.93125 0.050167 0.046875
4 0.361204 0.846094 0.060201 0.051562
4 0.717391 0.938281 0.073579 0.051562
4 0.511706 0.921875 0.033445 0.025
4 0.535953 0.875781 0.068562 0.085938
4 0.619565 0.803906 0.051839 0.048438
4 0.682274 0.779687 0.043478 0.0375
4 0.743311 0.749219 0.065217 0.057813
4 0.879599 0.730469 0.073579 0.054688
4 0.763378 0.6625 0.102007 0.1
4 0.518395 0.661719 0.070234 0.057813
4 0.582776 0.621875 0.105351 0.10625
4 0.987458 0.509375 0.025084 0.05
4 0.850334 0.453906 0.085284 0.054688
4 0.475753 0.482031 0.095318 0.076563
4 0.495819 0.255469 0.162207 0.139063
4 0.487458 0.122656 0.192308 0.229687
4 0.239967 0.960938 0.045151 0.034375
