4 0.772266 0.802778 0.049219 0.097222
4 0.96875 0.31875 0.0625 0.190278
4 0.959766 0.625694 0.080469 0.109722
4 0.751172 0.465972 0.060156 0.118056
4 0.668359 0.540278 0.111719 0.166667
4 0.804688 0.220139 0.114062 0.148611
4 0.150781 0.023611 0.05 0.047222
4 0.032422 0.139583 0.057031 0.084722
4 0.534766 0.680556 0.055469 0.116667
4 0.186719 0.327778 0.071875 0.186111
4 0.36875 0.544444 0.053125 0.088889
4 0.263672 0.508333 0.055469 0.080556
4 0.061328 0.595833 0.122656 0.238889
4 0.075391 0.842361 0.044531 0.081944
4 0.571484 0.802083 0.085156 0.140278
4 0.166406 0.901389 0.042188 0.097222
4 0.239844 0.802083 0.059375 0.1125
4 0.314453 0.835417 0.052344 0.098611
4 0.337109 0.958333 0.053906 0.083333
4 0.478125 0.967361 0.08125 0.065278
4 0.439453 0.688194 0.063281 0.151389
