4 0.727778 0.367578 0.191667 0.100781
4 0.78125 0.144141 0.220833 0.175781
4 0.480556 0.437109 0.119444 0.088281
4 0.546528 0.423047 0.126389 0.097656
4 0.618056 0.407422 0.191667 0.119531
4 0.583333 0.117578 0.25 0.178906
4 0.476389 0.170703 0.2 0.124219
4 0.438194 0.245312 0.126389 0.057813
4 0.761111 0.265625 0.175 0.109375
4 0.545139 0.283594 0.151389 0.110937
4 0.459722 0.375391 0.225 0.060156
4 0.456944 0.316016 0.233333 0.107031
4 0.663889 0.293359 0.194444 0.113281
4 0.827083 0.333594 0.165278 0.090625
4 0.735417 0.436719 0.081944 0.042188
