4 0.396875 0.573611 0.078125 0.205556
4 0.952344 0.563889 0.095312 0.177778
4 0.954297 0.85 0.091406 0.288889
4 0.844141 0.829861 0.078906 0.156944
4 0.705859 0.613194 0.080469 0.151389
4 0.553906 0.770139 0.065625 0.134722
4 0.493359 0.894444 0.066406 0.144444
4 0.275 0.773611 0.203125 0.244444
4 0.063281 0.94375 0.075 0.1125
4 0.86875 0.191667 0.117188 0.169444
4 0.752344 0.316667 0.075 0.155556
4 0.423438 0.070833 0.090625 0.141667
4 0.019531 0.172222 0.039062 0.344444
4 0.14375 0.117361 0.076563 0.156944
4 0.316797 0.573611 0.099219 0.163889
4 0.080859 0.627778 0.096094 0.175
4 0.532813 0.529167 0.075 0.130556
4 0.279687 0.433333 0.089063 0.183333
