4 0.663889 0.526172 0.086111 0.061719
4 0.603472 0.430859 0.070833 0.052344
4 0.643056 0.446094 0.094444 0.065625
4 0.843056 0.343359 0.138889 0.086719
4 0.859722 0.381641 0.088889 0.042969
4 0.572917 0.26875 0.129167 0.089063
4 0.506944 0.241016 0.122222 0.082031
4 0.371528 0.266016 0.145833 0.100781
4 0.277778 0.326562 0.105556 0.070312
4 0.420833 0.401562 0.1 0.070312
4 0.396528 0.462891 0.079167 0.053906
4 0.305556 0.455469 0.083333 0.057813
4 0.033333 0.403125 0.066667 0.079687
4 0.96875 0.479297 0.0625 0.072656
