4 0.641204 0.672697 0.075 0.115132
4 0.484259 0.588816 0.061111 0.105263
4 0.515741 0.509046 0.055556 0.120066
4 0.424537 0.480263 0.065741 0.111842
4 0.284259 0.723684 0.062963 0.108553
4 0.462037 0.314967 0.059259 0.103618
4 0.621759 0.085526 0.062037 0.108553
4 0.527778 0.175987 0.081481 0.115132
4 0.610185 0.219572 0.062963 0.126645
4 0.674074 0.322368 0.066667 0.118421
4 0.009722 0.874178 0.019444 0.110197
4 0.067593 0.469572 0.074074 0.113487
4 0.143519 0.724507 0.062963 0.106908
4 0.259722 0.870066 0.062037 0.111842
