4 0.973047 0.772222 0.053906 0.288889
4 0.224219 0.675 0.215625 0.269444
4 0.878516 0.759722 0.083594 0.166667
4 0.747266 0.569444 0.078906 0.158333
4 0.909375 0.089583 0.129688 0.179167
4 0.776563 0.234722 0.078125 0.175
4 0.594141 0.415278 0.080469 0.138889
4 0.449219 0.431944 0.075 0.138889
4 0.384766 0.514583 0.066406 0.1125
4 0.260156 0.406944 0.090625 0.205556
4 0.307422 0.497917 0.091406 0.156944
4 0.144531 0.606944 0.092188 0.177778
4 0.367969 0.74375 0.071875 0.118056
4 0.082422 0.890972 0.075781 0.143056
4 0.035547 0.136806 0.071094 0.143056
4 0.155469 0.095139 0.082812 0.168056
4 0.467578 0.08125 0.096094 0.1625
4 0.551953 0.749306 0.111719 0.251389
