4 0.730469 0.81875 0.048438 0.079167
4 0.089063 0.748958 0.025 0.035417
4 0.160156 0.257292 0.014063 0.014583
4 0.033594 0.534375 0.029687 0.035417
4 0.0125 0.480208 0.025 0.04375
4 0.239063 0.463542 0.021875 0.027083
4 0.240625 0.788542 0.01875 0.027083
4 0.260937 0.770833 0.021875 0.029167
4 0.4375 0.840625 0.053125 0.06875
4 0.35 0.840625 0.065625 0.064583
4 0.432812 0.777083 0.028125 0.045833
4 0.402344 0.755208 0.026562 0.039583
4 0.474219 0.770833 0.045312 0.066667
4 0.625 0.827083 0.121875 0.091667
4 0.907031 0.839583 0.048438 0.0625
4 0.833594 0.789583 0.107813 0.15
4 0.753906 0.784375 0.039062 0.072917
4 0.683594 0.682292 0.057813 0.072917
4 0.545312 0.739583 0.03125 0.066667
4 0.578125 0.710417 0.05625 0.083333
4 0.553906 0.675 0.039062 0.0625
4 0.467969 0.601042 0.017188 0.022917
4 0.536719 0.542708 0.020313 0.027083
4 0.448437 0.278125 0.0125 0.014583
4 0.514062 0.35625 0.04375 0.054167
4 0.55625 0.428125 0.0375 0.047917
