4 0.66875 0.516432 0.0875 0.122066
4 0.597656 0.694836 0.048438 0.089202
4 0.878906 0.068075 0.064062 0.112676
4 0.576562 0.60446 0.05 0.077465
4 0.735156 0.207746 0.104688 0.115023
4 0.667188 0.302817 0.0625 0.103286
4 0.772656 0.333333 0.070312 0.103286
4 0.811719 0.372066 0.054688 0.091549
4 0.2375 0.137324 0.059375 0.096244
4 0.644531 0.428404 0.048438 0.077465
4 0.23125 0.247653 0.0625 0.105634
4 0.261719 0.408451 0.054688 0.084507
4 0.460938 0.377934 0.075 0.117371
4 0.375781 0.462441 0.048438 0.065728
4 0.390625 0.383803 0.06875 0.110329
4 0.266406 0.517606 0.057813 0.086854
4 0.371094 0.537559 0.064062 0.093897
4 0.404687 0.694836 0.053125 0.117371
4 0.419531 0.63615 0.054688 0.093897
4 0.515625 0.609155 0.05625 0.091549
4 0.54375 0.688967 0.046875 0.077465
