4 0.550781 0.25 0.03125 0.063889
4 0.59375 0.890972 0.032813 0.070833
4 0.309766 0.828472 0.028906 0.054167
4 0.224609 0.78125 0.030469 0.0625
4 0.300391 0.676389 0.024219 0.047222
4 0.553516 0.638889 0.027344 0.055556
4 0.621484 0.440278 0.030469 0.069444
4 0.655859 0.409722 0.032031 0.066667
4 0.550781 0.379861 0.034375 0.070833
4 0.525781 0.420139 0.03125 0.065278
4 0.452344 0.334028 0.028125 0.059722
4 0.383594 0.204167 0.054688 0.116667
4 0.341797 0.271528 0.025781 0.054167
4 0.401172 0.046528 0.038281 0.079167
4 0.225 0.072222 0.025 0.052778
4 0.010156 0.179861 0.020313 0.051389
4 0.057422 0.184722 0.028906 0.055556
4 0.103125 0.23125 0.060937 0.079167
4 0.720703 0.196528 0.030469 0.068056
4 0.786719 0.200694 0.039062 0.068056
4 0.764062 0.419444 0.03125 0.058333
