4 0.131641 0.572917 0.016406 0.031944
4 0.107813 0.160417 0.015625 0.0625
4 0.027344 0.18125 0.020313 0.040278
4 0.046094 0.5 0.017188 0.036111
4 0.157031 0.401389 0.025 0.047222
4 0.298047 0.095139 0.011719 0.023611
4 0.349609 0.134722 0.028906 0.05
4 0.435937 0.352083 0.015625 0.065278
4 0.124219 0.546528 0.014063 0.031944
4 0.067187 0.658333 0.020313 0.041667
4 0.245312 0.764583 0.03125 0.0625
4 0.456641 0.677083 0.016406 0.043056
4 0.633203 0.9875 0.027344 0.025
4 0.617969 0.940972 0.029687 0.048611
4 0.945703 0.131944 0.036719 0.041667
4 0.133984 0.030556 0.011719 0.030556
4 0.128125 0.05625 0.01875 0.023611
