4 0.545312 0.25 0.053125 0.100939
4 0.424219 0.088028 0.054688 0.110329
4 0.477344 0.109155 0.048438 0.086854
4 0.51875 0.146714 0.046875 0.08216
4 0.435937 0.318075 0.06875 0.110329
4 0.372656 0.311033 0.057813 0.077465
4 0.392188 0.251174 0.0625 0.093897
4 0.367188 0.170188 0.05625 0.100939
4 0.4375 0.201878 0.071875 0.103286
4 0.495312 0.203052 0.05 0.07277
4 0.635938 0.254695 0.05625 0.08216
4 0.603906 0.247653 0.060937 0.091549
4 0.646094 0.165493 0.051562 0.091549
4 0.565625 0.171362 0.0625 0.098592
4 0.598437 0.138498 0.05 0.098592
4 0.476562 0.276995 0.0625 0.112676
4 0.51875 0.336854 0.059375 0.096244
4 0.578125 0.327465 0.0625 0.100939
4 0.622656 0.330986 0.035937 0.075117
4 0.647656 0.376761 0.057813 0.086854
4 0.610938 0.400235 0.05 0.068075
4 0.579688 0.43662 0.05625 0.093897
4 0.6 0.464789 0.059375 0.065728
4 0.521875 0.4777 0.0625 0.105634
4 0.555469 0.530516 0.057813 0.089202
4 0.5 0.409624 0.0625 0.096244
4 0.446875 0.455399 0.053125 0.098592
4 0.490625 0.536385 0.06875 0.091549
4 0.435156 0.514085 0.045312 0.079812
4 0.40625 0.448357 0.053125 0.075117
4 0.446875 0.389671 0.05 0.065728
4 0.397656 0.376761 0.060937 0.105634
