1 0.31318450927734415 0.34209706624349023 0.2521726481119799 0.3741941324869778 
12 0.790283203125 0.3594835069444444 0.072021484375 0.4893663194444444 
8 0.8000627319018047 0.5263979311342593 0.04662408034006755 0.06781684027777778 
8 0.8868993322054545 0.5178049352433947 0.037676024436950686 0.05180453194512261 
8 0.9367910782496135 0.5062929842207167 0.04032511711120605 0.05285108707569264 
9 0.3092025180657705 0.6083423755787037 0.05227547883987427 0.13563368055555555 
9 0.33922571142514546 0.5794572194417318 0.0649911363919576 0.1620068868001302 
8 0.7218491991360982 0.5424991642987287 0.04794034163157145 0.06973140151412399 
8 0.40607335170110065 0.5988011784023709 0.06876291433970133 0.1093319574991862 
9 0.13203125 0.6146928575303819 0.2640625 0.2376033076533565 
