8 0.3235340881347658 0.4785612756234632 0.060952657063802464 0.09008551420988793 
8 0.7462383015950527 0.4042831668147334 0.02689839680989697 0.0415162757590965 
8 0.6435809791088104 0.42415390014648435 0.028303722540537517 0.047826752839265047 
8 0.5774543253580731 0.4326215426127116 0.04009134928385454 0.060779832910608365 
9 0.10588541666666723 0.49227508262351705 0.21177083333333446 0.18904958654333043 
3 0.3358161449432373 0.08589168831154152 0.31379130681355794 0.16611569722493488 
8 0.7089499294757843 0.4132194783952501 0.03081286350886027 0.0420928919756854 
8 0.8012092600266139 0.39424924320644805 0.020920310417811075 0.03488520516289605 
1 0.07429687500000076 0.24069986979166735 0.14859375000000152 0.3313780381944458 
1 0.25073262532552104 0.2737979239004643 0.19665974934895872 0.30666341145833603 
3 0.4012705167134603 0.2588253219039357 0.03282972971598307 0.06809009693287138 
12 0.632206134001414 0.28708164073802805 0.057630244890848795 0.3898045575177228 
