12 0.6108970290422434 0.3168259910300936 0.022729930480320112 0.13134801793981685 
7 0.8266938527425131 0.41241233702059144 0.020479583740234376 0.020158875430071794 
7 0.8473102867603302 0.4202925108097218 0.027077035109202067 0.029322000786110206 
7 0.8876110514005026 0.41853447048752396 0.029482356707255044 0.027733726854677555 
10 0.7621908982594808 0.3802707036336263 0.09433825810750325 0.10640367578577112 
10 0.8089435974756877 0.3761662659821687 0.14686261812845866 0.12502856784396701 
12 0.6707483847935994 0.2807781756365751 0.044324731826782225 0.27011031539352054 
12 0.6258816788593928 0.30682233881067345 0.03225855628649394 0.20006322507505064 
2 0.5048516035079956 0.36864595766420716 0.22620507876078289 0.3022875750506366 
7 0.7776254216829935 0.4219426543624313 0.01992979844411214 0.019670175623010707 
7 0.7991488377253214 0.4145748050124557 0.009552558263142904 0.018081901691578053 
7 0.7347560301423073 0.40913841636092574 0.013813411196072897 0.018692776008888527 
12 0.7903801401456197 0.2192811612729673 0.07046568393707275 0.4302832426848235 
