8 0.29620941281318663 0.7099181263535111 0.03263692458470662 0.05603416937368887 
8 0.6130229512850444 0.8286371019151476 0.03873511155446371 0.08126147234881366 
8 0.5807802538077037 0.8168102123119213 0.039915406703948976 0.0774463794849537 
8 0.5397731383641561 0.8078830189175076 0.04354570706685384 0.06660515820538557 
8 0.5010023395220439 0.7981551029064037 0.040416137377421064 0.06390279840540003 
8 0.7226869344711304 0.8502777777777779 0.0645857016245524 0.11814814814814849 
8 0.2597654215494799 0.7185731336805559 0.03755249023437652 0.06692780671296364 
2 0.6438541666666671 0.43016204833984373 0.7122916666666659 0.8075463189019098 
2 0.20374797185262045 0.43137787995515114 0.32312094370524086 0.5203483525028921 
8 0.6587130566438039 0.8309159773367423 0.06141821940739949 0.11079028800681785 
