8 0.1552316834529241 0.5124306979002776 0.011993314822514851 0.018692776008888527 
8 0.1285289724667867 0.49861856036716035 0.013011924425760905 0.017699722007468895 
8 0.6807869533697765 0.7607406757496021 0.02800355354944865 0.05741523460105613 
2 0.6313021850585936 0.4381019422743057 0.5597916666666662 0.6804627821180559 
2 0.3232811991373699 0.45643527560763925 0.23166676839192726 0.278240559895834 
12 0.2628123982747397 0.21321614583333334 0.06927103678385435 0.25050636574074076 
8 0.498807422320048 0.6712821978109854 0.015305884679158529 0.030350130575674553 
8 0.5983543197313944 0.7939476648966471 0.033849549293518064 0.06410156532570167 
8 0.44956342975298563 0.6998010193860089 0.026490954558054607 0.05494419733683268 
8 0.3699361507097881 0.6549800865738479 0.038205634752909154 0.04218311874954755 
8 0.1435126930475235 0.4974794997109307 0.01281477411588033 0.017173987847787363 
