8 0.15931945602099137 0.5725987413194448 0.016659745375314592 0.023691406250000675 
8 0.19165781497955361 0.5922782841435189 0.009982296625772354 0.02229528356481549 
8 0.20484568119049082 0.5942735460069445 0.01583719571431459 0.025341796875 
8 0.22182759443918865 0.595051450376158 0.016051022211710612 0.03193413628472357 
8 0.23649256189664195 0.5952103226273148 0.020277197360992243 0.03365342881944444 
8 0.13964965621630324 0.5765740737208616 0.017528682549793947 0.025185184478759427 
8 0.9365366601943966 0.7575925925925933 0.03984374682108485 0.04481481481481616 
8 0.9142069141070048 0.8463416558724862 0.11878654956817628 0.0859594980875651 
2 0.5763800080617263 0.4875924965187357 0.390677089691161 0.4129627708152485 
2 0.26830718994140645 0.4783798104745377 0.1995314534505212 0.243981119791668 
2 0.1394272867838538 0.47611111111111176 0.0841666666666659 0.17629629629629764 
