2 0.705653448899587 0.522792477077908 0.09829420248667399 0.11929372151692709 
3 0.07877804438273112 0.44166666666666665 0.15755608876546223 0.05277777777777778 
3 0.07893229166666677 0.3816182906539359 0.15786458333333353 0.06805971498842728 
3 0.07888020833333372 0.3274426721643522 0.15776041666666743 0.07604058159722289 
3 0.07877604166666667 0.265277595520019 0.15755208333333334 0.08925925643355657 
2 0.632589316368103 0.5395437169958044 0.08333048820495606 0.14919377079716437 
2 0.5356664339701335 0.5279883702596029 0.15247707366943358 0.19962546737105757 
2 0.3443320115407308 0.49350478560836225 0.30140816370646156 0.4456901267722801 
12 0.6729108262062075 0.44370369805230137 0.06165417194366493 0.33907406277126534 
13 0.32740455627441445 0.3352280793366609 0.0950174458821607 0.12690870496961806 
