8 0.3706240753332774 0.8224982791476779 0.03369911909103394 0.07678547611942997 
2 0.5143489615122481 0.5346283947979963 0.5850520896911614 0.6488864192256221 
2 0.14473872184753417 0.48178795143410047 0.19520661036173503 0.3317240510163477 
8 0.1560409665107727 0.7085866680851689 0.038920108477274576 0.060753341957374855 
8 0.1952458679676056 0.6946637030001039 0.03322448333104452 0.05400297023631908 
8 0.32482165892918907 0.7938096117090296 0.04081865151723226 0.06328473267731843 
8 0.3478413373231888 0.8039361777128997 0.029902034997940065 0.06497232649061414 
8 0.4021870036919912 0.825917152122215 0.03227521181106567 0.08024503919813368 
8 0.4391992441813149 0.8322034871136701 0.054127655029297256 0.11306872191252532 
8 0.4871469080448151 0.8488256030612522 0.05980406999588013 0.11239368297435619 
