7 0.5075909713904063 0.3859884474012587 0.05966538190841675 0.027364264594184028 
7 0.9341152687867482 0.3537033420138894 0.05443760951360067 0.04037109375000101 
3 0.6230991617838545 0.3526381655092589 0.1792183430989591 0.053055555555554884 
7 0.9841931660970052 0.3582118458218045 0.031613667805989586 0.03567463203712746 
7 0.6659962463378908 0.3816025663305212 0.059361673990885794 0.02880300592493128 
7 0.15009827613830568 0.38877586082175924 0.07456585566202799 0.03355938946759259 
7 0.22362823486328126 0.3877971281828709 0.0683685302734375 0.03329463252314916 
7 0.7224026759465535 0.38132044827496564 0.059824069341023765 0.02880300592493128 
7 0.6977837999661763 0.4278023048683449 0.0851183811823527 0.05314873589409722 
7 0.7819447835286458 0.42661794379905416 0.08663126627604166 0.05348726201940466 
7 0.44533918499946595 0.38570556640625 0.059506698449452715 0.03136664496527778 
