3 0.20257792313893647 0.4916578956886581 0.08473917961120586 0.0470545789930569 
9 0.8821712239583335 0.7464772153783727 0.02794921875000019 0.08595392439100477 
9 0.9097727966308596 0.7497714890374078 0.027121073404948483 0.08786401395444517 
9 0.9375726826985679 0.7536058666087969 0.02870880126953163 0.09167715567129764 
9 0.9668525695800781 0.7603062608506947 0.03139902750651042 0.09457266348379698 
9 0.990484110514323 0.7622092013888893 0.019031778971354166 0.09169270833333401 
3 0.5988874832789103 0.4532154224537037 0.19048329989115398 0.06764322916666667 
3 0.42739120483398474 0.46988453052662055 0.13730092366536534 0.0539346426504633 
3 0.4198147074381514 0.5787522605613428 0.12537058512369867 0.043606589988426266 
3 0.3023177591959637 0.48191731770833335 0.10182281494140663 0.04820240162037037 
