7 0.809964915116628 0.8185631734353525 0.05117576122283936 0.025648120597556785 
7 0.7410024245580037 0.8110668263611976 0.045754035313924156 0.02324476383350379 
7 0.6771896362304688 0.8139787603307653 0.046662394205729166 0.02541303281430845 
7 0.6157741109530132 0.8092768130479036 0.04310929775238037 0.024472679915251556 
7 0.5543552652994795 0.8129168475115741 0.04431030273437576 0.024166304976851852 
7 0.4970943041642509 0.8091790015609175 0.040855274995167674 0.023729096871834877 
7 0.43626206517219546 0.812462682370787 0.0440349539120992 0.022332772148978688 
7 0.37741658091545105 0.8103257783253993 0.04244811137517293 0.02472563072487059 
7 0.3153310159842173 0.8149200686702022 0.04681193431218465 0.024942857247811777 
7 0.25423792203267415 0.8111668337715998 0.04469614028930664 0.02492626013579158 
7 0.1858106470108036 0.8167926894293891 0.051412960688272356 0.026235841821741174 
3 0.49140625 0.7049537044101296 0.16979166666666667 0.05101851993136835 
10 0.49755208333333345 0.7152692780671301 0.7726041666666664 0.24594292534722323 
