12 0.5109680444002151 0.5623955408732096 0.016716565688451132 0.1334806795473452 
8 0.03229961693286896 0.7140277777777783 0.030825430154800416 0.03305555555555455 
12 0.7679553731282553 0.5991003336729827 0.008985087076823106 0.05465502209133572 
8 0.1368929664293925 0.7578351532971418 0.04230298201243083 0.049003639927616825 
8 0.16898656487464905 0.7676037753069842 0.060349635283152264 0.06447368197970921 
8 0.21952733596165974 0.7852122518751357 0.0644636074701945 0.06455427805582682 
3 0.7015341281890869 0.643463773197598 0.04618349075317383 0.02234782996001067 
8 0.05886187752087911 0.719869977456552 0.04197505712509155 0.04051758801495588 
3 0.5121966552734383 0.37157226279929695 0.42644002278645987 0.36203558462637175 
12 0.6567441036303838 0.5787751374421296 0.024430793523788453 0.14893120659722223 
