10 0.5288281250000002 0.22884295428240742 0.7793229166666663 0.2515733506944444 
3 0.5152940877278648 0.22523274739583368 0.1717034912109379 0.055460431134259934 
7 0.21608474731445332 0.32919000961162426 0.04876800537109413 0.02437394283435963 
7 0.2826396385828654 0.3258301372881289 0.04363824526468913 0.022314571451257776 
7 0.34333652059237163 0.33006190812146224 0.045383775234222413 0.022314571451257776 
7 0.4033987740675608 0.3276713505497692 0.04078192313512166 0.02317581741898283 
7 0.4610011637210846 0.3318956693013509 0.04300350745519002 0.02259667714436849 
7 0.5205074508984884 0.33034403765643083 0.04014718532562256 0.021750358298972802 
7 0.5765150169531504 0.33388104421121034 0.043655033906300864 0.022576179857605894 
7 0.6376170754432678 0.3293566068013509 0.04268613656361898 0.02259667714436849 
7 0.6984725932280222 0.3331862133520628 0.04697061777114868 0.023965019296715413 
7 0.7628982742627461 0.3308940067997692 0.046018513043721516 0.022286060474538384 
7 0.8311258057753245 0.33741672092013925 0.05079327821731568 0.02461100260416734 
