9 0.8456249491373702 0.6890742549189814 0.012812601725261174 0.040370008680555555 
12 0.09155307412147522 0.4642948857060185 0.02013312578201294 0.20345052083333334 
9 0.9693372599283857 0.7231481481481481 0.0220546468098964 0.05555555555555555 
9 0.8212241618831949 0.6881481485013612 0.013906250198681391 0.03981481552123956 
9 0.8335417683919275 0.6889351851851854 0.012499796549479924 0.04083333333333367 
3 0.3656772867838545 0.6397044965955948 0.1643745930989591 0.05052010430230001 
9 0.8569647210836407 0.6897221317997685 0.01205464561780237 0.039074254918981484 
3 0.4077702792485558 0.5671759252195006 0.07720722516377711 0.045462961550112126 
3 0.557760416666667 0.5731942635995371 0.0467708333333339 0.035092954282407406 
10 0.3657031218210856 0.5751851851851859 0.1782812436421712 0.35592592592592726 
