7 0.31776889562606814 0.6077284918891059 0.04529120922088623 0.02390063250506366 
7 0.8018664181232452 0.6040058241950141 0.05013990004857381 0.022725190056694877 
7 0.25732559760411583 0.6049856689241198 0.04584219455718994 0.024292446065832068 
7 0.1899835725625356 0.6116268829063133 0.04919220209121704 0.024919347409848813 
10 0.49643239339192746 0.5035183376736111 0.7559893798828132 0.2466670283564815 
3 0.48828781127929705 0.5017787905092594 0.16738271077473996 0.049405381944444784 
7 0.5503406922022501 0.6027326892923426 0.04319745699564616 0.022137470598574037 
7 0.4948013126850128 0.6000881301032173 0.039891525109608965 0.022333378261990017 
7 0.43568040132522584 0.6037122488021851 0.042426069577534996 0.022921097720110858 
7 0.3781020661195119 0.6026343751836706 0.041213897864023845 0.024684259626600476 
7 0.6706214169661204 0.6013615246172305 0.04639318386713664 0.024880167290016457 
7 0.7340398569901784 0.5985205394250376 0.04496061404546102 0.020766122252852827 
7 0.6103986303011576 0.5978350736476757 0.04209547837575277 0.02370472484164768 
