3 0.8643905131022137 0.19923764758639884 0.10930185953776003 0.06217899887650068 
3 0.8608072916666667 0.25835657190393535 0.10859375 0.05199055989583367 
3 0.9715104166666667 0.38043637876157427 0.05697916666666648 0.038386501736111446 
3 0.8586990865071618 0.3100291160300929 0.10739349365234432 0.05623806423611179 
3 0.8587115987141928 0.36660237630208364 0.09830596923828144 0.04772117332175993 
3 0.9725776672363281 0.33833478009259277 0.05484466552734375 0.03925636574074108 
3 0.9730946858723958 0.2966364648607042 0.05381062825520833 0.039256364327889905 
3 0.4498511759440106 0.363616536458334 0.30623514811197955 0.13369285300926062 
3 0.4732405598958337 0.5046296310424808 0.26122721354166745 0.11814815097384915 
3 0.8570842997233077 0.4161575882523148 0.09614390055338617 0.05287000868055555 
