3 0.6162697792053222 0.47380389178240756 0.22199268341064454 0.06554036458333368 
3 0.3366656939188639 0.49123779296875014 0.21187305450439453 0.07233922887731516 
12 0.22179173827171325 0.310669849537037 0.02824330727259318 0.177734375 
7 0.7326929744084675 0.6034446433738426 0.05590617179870586 0.027369972511574074 
7 0.7985611979166668 0.6027980324074077 0.05819010416666685 0.028107638888889563 
7 0.2539763895670575 0.6247222229286477 0.054234720865885794 0.03185185326470269 
7 0.32457748413085974 0.6205038339120376 0.05230336507161534 0.028992332175926935 
7 0.4589777628580729 0.6125917240425393 0.0497528076171875 0.026709779103597005 
7 0.5169313557942711 0.6102136135101318 0.05019978841145871 0.028760560353597007 
7 0.5895885229110718 0.6071904839409727 0.05001037915547689 0.028767180266204714 
7 0.6520424906412762 0.6056335901331025 0.05383168538411477 0.028362449363427272 
7 0.18636454264322946 0.63024486400463 0.0567500813802089 0.03154730902777845 
7 0.8801657104492189 0.6012672159406874 0.06373107910156268 0.026709779103597005 
12 0.632641754547755 0.29257594920970775 0.02824330727259318 0.17599391230830438 
10 0.49432271321614585 0.4987959346064818 0.889166259765625 0.32222294560185255 
