10 0.3773697853088379 0.5908044913963042 0.5547395706176758 0.37623861242223533 
10 0.7931644121805826 0.40960006148726885 0.22557748158772786 0.32283691406250065 
12 0.11152287522951762 0.33578939084653503 0.04138681491216024 0.23998336791992186 
3 0.8438384501139324 0.563665635850695 0.1536144002278642 0.19452058015046397 
3 0.4310111490885419 0.48211109302662103 0.22829020182291704 0.0633704065393532 
12 0.5640219628810883 0.3809431853117766 0.04483571449915568 0.3094341136791088 
7 0.47330081860224404 0.6611600646266231 0.11326220035552978 0.058098485734727645 
7 0.48823094367980957 0.7038780989470306 0.1336314837137858 0.07445360819498698 
7 0.6537596344947815 0.6525446556232594 0.09445978005727132 0.05853621518170392 
7 0.6827468395233154 0.6943272979171188 0.11661977767944336 0.0704742572925709 
7 0.8943402608235677 0.9129523030033818 0.21131947835286458 0.15134767602991175 
7 0.5324305375417073 0.9468664098668982 0.3059529940287272 0.1062671802662037 
7 0.2871211528778076 0.6673989560869005 0.12329015731811524 0.05539253022935656 
7 0.265498685836792 0.7177541132326479 0.14719610214233397 0.07788380516899956 
