7 0.05779117027918469 0.5834722222222227 0.11474921067555689 0.0400925925925936 
7 0.7083686351776123 0.5480466352568732 0.06248820622762044 0.013264494472079807 
7 0.9013729850451152 0.5679762646004006 0.08375284671783448 0.034487685450801144 
7 0.8471856037775676 0.5517278750737508 0.044394604365030926 0.017907066698427555 
7 0.7213171243667602 0.5708529843224419 0.0884472370147705 0.033741558922661674 
7 0.17065896987915039 0.5537339846293131 0.07554543813069661 0.019344054328070747 
7 0.31592096090316774 0.5780382209353977 0.09995003541310628 0.03761036837542499 
7 0.5434901197751363 0.5491738858046356 0.06357630888621012 0.015198900081493237 
7 0.5256141503651937 0.5737550205654568 0.09062344233194987 0.03457058800591363 
3 0.5012369473775228 0.48629231770833364 0.1623697280883789 0.0500079571759266 
3 0.5842407735188805 0.4100924117476855 0.2245392862955735 0.07185221354166733 
