3 0.4705207316080731 0.6077313006365742 0.21072937011718787 0.13657443576388922 
13 0.6116376749674483 0.5925170686509874 0.06349548339843807 0.2229971002649378 
8 0.36482884486516315 0.9502147533275463 0.056944473584493 0.0995704933449074 
8 0.3258878580729169 0.9441547309027782 0.053745117187500566 0.10391276041666768 
8 0.29002517700195324 0.936004231770834 0.050782979329427276 0.10002857349537171 
8 0.25737101236979165 0.9257588252314817 0.04671630859375 0.09959346064814849 
8 0.2270190938313803 0.9173705150462966 0.0424201456705731 0.096184895833334 
8 0.4051196797688803 0.9513518156828704 0.06017730712890644 0.09729636863425926 
8 0.4595180257161459 0.9544444444444447 0.08731811523437519 0.09111111111111077 
8 0.49309249877929723 0.9599473741319444 0.06475250244140701 0.0801052517361111 
12 0.7648142139116924 0.46241464120370424 0.08633212248484294 0.44331886574074175 
12 0.09795294006665548 0.5759438267460576 0.05705191691716512 0.25556965580693 
