8 0.021890832980473836 0.7147886081978126 0.04378166596094767 0.048084884219699434 
13 0.6545572916666667 0.6745371274594912 0.08411458333333334 0.2635183376736121 
3 0.47761825561523447 0.6916957826967595 0.21413848876953143 0.11401584201388923 
8 0.06857833862304688 0.7132408311631951 0.06492665608723959 0.05111093026620505 
3 0.4741886377334595 0.4983794487847229 0.2134814421335856 0.10861147280092727 
3 0.47218058109283445 0.40512324580439846 0.2125903288523356 0.13364239728009328 
3 0.47050826867421447 0.3146035879629633 0.21164133389790815 0.1554224537037044 
13 0.3307601420084637 0.6768982385706025 0.021500549316406627 0.14879611545139024 
13 0.797111694018046 0.6831018518518519 0.14995255470275878 0.3087962962962963 
13 0.15195963541666704 0.6735232204861118 0.045976562500000755 0.13517578125000135 
13 0.22853715419769288 0.6490978594179506 0.0807172934214274 0.17795193990071614 
13 0.2894391886393232 0.6625271267361111 0.047475789388021404 0.16013093171296297 
13 0.3171407572428388 0.6922609081974735 0.018114318847656817 0.10677116535328053 
3 0.4755469258626306 0.5973147243923618 0.21442698160807366 0.09500018084490876 
12 0.685520832538605 0.45804515697338033 0.03489583174387576 0.531872649016205 
