13 0.3057466634114585 0.8933279984085655 0.018402506510417044 0.11223289207176061 
13 0.32205540974934904 0.8775141821967231 0.022660013834635607 0.1554515414767795 
3 0.4681689453125003 0.5149609389128509 0.2098079427083339 0.14566261856644241 
12 0.6833451334635418 0.6725147388599537 0.04070556640625019 0.5410816333912037 
3 0.46921061197916697 0.604711553785536 0.21189127604166724 0.1260897742377387 
3 0.4708557637532555 0.8023468243634263 0.21901763916015682 0.09567672164351919 
3 0.47009343465169307 0.6974072265625005 0.21595896402994869 0.10203739872685286 
13 0.65313630660375 0.8748612015335648 0.0860642798741651 0.2502775969328704 
13 0.8005940993626912 0.8682359483506944 0.15916854540507 0.2635281032986111 
3 0.47137196858723956 0.898893952546297 0.2207977294921875 0.12702690972222358 
8 0.048141203721364434 0.9072902199074078 0.0675324074427285 0.05430844907407475 
13 0.1366926066080732 0.8677874529803241 0.04098978678385474 0.14312879774305556 
13 0.21523505210876503 0.847313584221734 0.08317843755086188 0.18582725524902344 
13 0.27829976399739614 0.8637770264237016 0.04475463867187557 0.1708338560881438 
