13 0.31926558911800385 0.5989163434063947 0.023047576347986858 0.1415447093822338 
13 0.3058934966723124 0.6175406244066026 0.01947335402170817 0.10561076270209419 
13 0.2778540313243866 0.5889479220355001 0.05065536896387736 0.16104399221914753 
13 0.2162239384651187 0.5760162325258601 0.08369787693023625 0.17814285278320177 
13 0.1390142520268758 0.6030796051025391 0.04979262351989746 0.13497142085322628 
8 0.05575861612955748 0.6449293037697122 0.06421193440755246 0.05171045939127571 
8 0.015893568595250446 0.6468953072583241 0.03178713719050089 0.04953135525738617 
3 0.4655922444661461 0.6126038049768525 0.2144405110677089 0.10701461226851987 
3 0.45705164432525675 0.23432987919560236 0.21316578865051194 0.16337727864583435 
12 0.6726221211751304 0.3734088360821766 0.0315265909830733 0.5344786241319458 
3 0.4637033081054691 0.5167131438078707 0.21467671712239658 0.09379593460648215 
3 0.4594988997777307 0.32883951822916685 0.21389363288879318 0.14158022280092628 
3 0.4619274886449181 0.41854293258101855 0.21312581062316838 0.11198820891203703 
13 0.641711946328481 0.5914153826678246 0.08382672468821208 0.260317382812501 
13 0.7824025869369506 0.599166666666667 0.14593005180358887 0.30666666666666736 
