3 0.4725154590606692 0.4498305483217598 0.27544758478800396 0.09256112557870472 
3 0.47390141487121584 0.5313232421875 0.2769694964090983 0.09198314525462963 
3 0.4751369190216067 0.616673900462963 0.277565504709879 0.092578125 
3 0.4766559823354086 0.6984499782986118 0.2782077980041502 0.09365559895833468 
13 0.690862754980723 0.6643397239402492 0.07667078177134196 0.20238315158420073 
12 0.6858975728352864 0.5415142200611256 0.022000630696614582 0.46255498815465856 
13 0.80587766567866 0.6586886935763889 0.11009924411773682 0.210400390625 
13 0.2898246765136719 0.7179712818287044 0.03597564697265625 0.1657241030092606 
13 0.2596668497721358 0.7402670175057875 0.02795796712239659 0.12187337239583435 
13 0.20373153686523438 0.7129555483217599 0.08784942626953125 0.19520001446759394 
13 0.07799479166666666 0.7038923249421302 0.15598958333333332 0.22332646122685287 
3 0.47189915657043474 0.36697934751157474 0.27483997980753544 0.08715241608796431 
