3 0.5997009785970054 0.6255914532696765 0.2498688761393235 0.12066894531250101 
3 0.6032158915201824 0.7506944444444444 0.2520057169596356 0.1337962962962963 
12 0.27502894083658874 0.47683530454282425 0.03734954833984337 0.5678108723958337 
13 0.4175162692864736 0.7112277702048972 0.052442816893259685 0.2388039200394242 
3 0.5898775736490885 0.3020338722511581 0.24003651936848958 0.1975989221643532 
8 0.1303594430287679 0.7734811740451396 0.08714202245076498 0.1037783926504643 
6 0.787935713926951 0.7878185899169357 0.010471240679423014 0.021770715713500977 
6 0.7778905193010967 0.7895850472980075 0.01135863463083903 0.026187962072866933 
3 0.5929591369628909 0.40563404224537103 0.24251922607421933 0.16817635995370506 
3 0.5958642069498699 0.5113998300057877 0.24587575276692727 0.14090404369213097 
