3 0.4236996444066364 0.35422896773726886 0.20031575202941856 0.1456161385995377 
8 0.027485233545303345 0.7420823733011882 0.05497046709060669 0.053462706671820744 
13 0.10857991536458371 0.7008895732738354 0.047319335937500755 0.13497142085322628 
13 0.18727945963541687 0.6734494668466073 0.08033691406250038 0.17265124850802951 
13 0.24816736857096372 0.6859671585648155 0.04658192952473996 0.15565827546296432 
13 0.2755149841308594 0.7136316370081018 0.01772003173828125 0.10236635561342593 
13 0.28941019694010445 0.6984749348958337 0.021492106119792236 0.14230938946759328 
13 0.5962719233830768 0.6918348524305555 0.07775197664896609 0.2487377025462963 
13 0.727268656094869 0.6996276177300346 0.13734981218973796 0.2907374403211802 
3 0.4299813334147136 0.7100183557581019 0.20368316650390644 0.10588921440972222 
3 0.4290525309244794 0.6181193033854167 0.20366577148437556 0.08783546730324074 
12 0.6253061930338542 0.4909042245370377 0.032720947265625 0.49578414351851985 
3 0.42737685998280883 0.5262822808159727 0.20277455329894944 0.10262062355324175 
3 0.42521270434061714 0.4398417607060192 0.20219624201456649 0.12383499710648282 
