13 0.5653373505671823 0.7634453851205333 0.017237201134363053 0.09059447394476963 
3 0.4146354134877527 0.5609326171875005 0.14656249364217047 0.056468098958334344 
3 0.4141103617350263 0.606135434751158 0.1476126098632818 0.05328468605324209 
3 0.41337493896484384 0.6517736364293981 0.14939595540364603 0.05200828269675926 
3 0.41255727132161485 0.6984240270543987 0.15071879069010474 0.04907787181713064 
3 0.4114355977376306 0.7466586190682872 0.15202463785807369 0.046682761863426264 
13 0.7403928629557295 0.7858794487847229 0.053380940755208904 0.11046332465277912 
13 0.8193839494387309 0.7576392350373444 0.05012206554412823 0.17800452620894822 
13 0.85864311059316 0.7626386176215284 0.06477971076965332 0.18379683883101985 
12 0.941484139362971 0.6219761318630642 0.0650168220202128 0.4536184240270544 
