3 0.47007822354634643 0.7038635706018526 0.30067728042602465 0.10134693287037172 
12 0.6934432474772138 0.5173213252314814 0.021134338378906627 0.46257957175925923 
13 0.8227712710698446 0.6577901656539359 0.1155173142751058 0.2268270760995384 
13 0.7006317679087317 0.6638736074942134 0.08261729558308843 0.21632685908564916 
13 0.06277122497558593 0.7105743634259263 0.12554244995117186 0.2394068287037044 
13 0.1759431457519535 0.7201671006944446 0.09540537516276118 0.20985098379629663 
13 0.23628260294596354 0.7493675853587968 0.02951812744140625 0.13237594039351952 
13 0.26815068125724795 0.7254720956307875 0.03884652853012085 0.17924099392361212 
3 0.46879292488098184 0.6139215313946764 0.29966918309529544 0.09956434461805656 
3 0.4665019194285075 0.522569625289352 0.29862883885701497 0.1004163049768522 
3 0.4649536609649658 0.4337795681423611 0.2981364885965983 0.09910753038194445 
3 0.4635419209798177 0.3437292925516768 0.29635365804036456 0.09819932584409294 
