13 0.14028059641520182 0.7519268120659726 0.04312731424967448 0.1391093388310192 
13 0.30728776653607687 0.7759238243103027 0.017925345897674562 0.10885358033356843 
8 0.053853403727213825 0.7904476017422153 0.06656402587890682 0.053302610891835314 
13 0.7919385782877607 0.7811070421006948 0.15081034342447974 0.31593406394675994 
13 0.648726406892141 0.7695831524884255 0.08464031378428084 0.2682407407407397 
12 0.6800577290852866 0.554340096932871 0.03488454182942746 0.5318753616898162 
3 0.4656313053766889 0.4028641312210648 0.2116792774200434 0.1489013671875 
3 0.466980690956116 0.4925443974247687 0.2122947152455642 0.12435564959490775 
3 0.4682161951065064 0.5833411110772027 0.21289072354634583 0.10203740155255353 
3 0.4688359578450521 0.687498191550926 0.21597391764322918 0.09444806134259259 
13 0.322555626233419 0.7610944112141927 0.021465419133503853 0.1505019011320891 
3 0.46990076700846356 0.7807300708912037 0.21749013264973957 0.12279911747685185 
13 0.21829433838526408 0.7317313116568105 0.07877617677052816 0.1827226059525098 
13 0.28022255897521975 0.7478518620243786 0.04543453852335612 0.16625927960431 
