12 0.680926767985026 0.5249262152777782 0.022000630696614582 0.46255497685185254 
3 0.45443527062734007 0.5308446361400465 0.3016830412546786 0.10331072771990775 
3 0.45752593994140656 0.7114068829571765 0.3019272867838547 0.10459364149305657 
13 0.8105803934733075 0.664709201388889 0.11550587972005247 0.22724826388888922 
13 0.6888228424390159 0.6725698866667572 0.0821248515446977 0.21902866222240272 
13 0.25458743373552956 0.7345831524884261 0.03937811454137166 0.17916702835648182 
13 0.2225758361816408 0.7602992983217595 0.03005666097005246 0.1360680700231485 
13 0.16119796752929716 0.7293022424203375 0.09666656494140682 0.2128633824101194 
3 0.45222223917643256 0.35291540216516615 0.29951385498046934 0.09416413766366363 
13 0.05523437500000009 0.7203257921006946 0.11046875000000018 0.24286693431712997 
3 0.4566332483291627 0.6228029152199076 0.301703996658325 0.10272750289351885 
3 0.4531249936421716 0.44808250285960993 0.30062498728434167 0.11449906243218282 
