13 0.06648437500000029 0.698106356020327 0.13296875000000058 0.23880530463324653 
12 0.7005054728190108 0.5257861384639033 0.019197387695313258 0.46255498815465856 
3 0.47586318651835124 0.7039760561342594 0.2981364885965983 0.09038122106481515 
3 0.47556467374165884 0.6142684823495377 0.29873351414998317 0.0897963686342606 
3 0.4747950204213462 0.5240619574652783 0.29781920750935836 0.09039460358796397 
3 0.4735566171010338 0.43408221209490755 0.29784240086873315 0.09035409432870405 
3 0.47310526212056486 0.346066984953704 0.295064690907796 0.08879195601851919 
13 0.707682394186656 0.6723307291666667 0.08119812170664413 0.21552372685185187 
13 0.8291996240615844 0.6677766022858797 0.11429626146952311 0.22555790653935184 
13 0.2757331339518231 0.7182792027791342 0.03780456542968788 0.17637322037308303 
13 0.24360883037249248 0.7413107766045465 0.028574065367380778 0.13157084429705584 
13 0.18424208958943686 0.7089813006365746 0.09228890736897787 0.20574110243055657 
