7 0.05357883373896281 0.5155583416974103 0.07539293766021729 0.07761733443648727 
7 0.4917948643366496 0.553552320268419 0.16744898160298666 0.11722110465720847 
7 0.5810397545496623 0.518931265230532 0.15763513247172037 0.10577160164161965 
7 0.28049677530924505 0.4633386682581018 0.11900644938151099 0.08073007089120371 
3 0.6665854899088544 0.24412760416666718 0.20401652018229205 0.09007812500000101 
3 0.316518150965373 0.3251013635706024 0.23376546859741154 0.10590838396990841 
13 0.8713664245605471 0.22590384871871433 0.1633088175455735 0.30032621595594516 
13 0.9739545186360677 0.26768291614673756 0.052090962727864586 0.2240377072934751 
13 0.6090244134267171 0.16341059296219437 0.08893810907999675 0.0772841488873517 
13 0.5529165140787763 0.2662207031250007 0.03770863850911515 0.20255859375000135 
