7 0.7519628047943115 0.9059199580439815 0.13100182215372722 0.18816008391203703 
7 0.8206413149833679 0.5144981348956073 0.03388211727142334 0.11373295960602937 
7 0.6901347351074222 0.39085818749886975 0.04348052978515682 0.06459397916440611 
7 0.6196863301595054 0.48973061243693033 0.0702106730143233 0.11095898239700883 
3 0.6980485725402834 0.33122531467013905 0.031305478413899364 0.07940122251157442 
3 0.637967748641968 0.388885091145834 0.06364383061726832 0.13685944733796432 
3 0.4564152145385743 0.569585774739584 0.29033042907714823 0.3856432653356495 
9 0.14738308588663737 0.7979629488344547 0.29476617177327474 0.40407404581705697 
7 0.8593939930200577 0.2723240870016593 0.025820253292719524 0.022125749234799985 
12 0.9529228111108144 0.17853702262595847 0.04606779019037883 0.20771785312228733 
