4 0.47381439208984377 0.3603314887152784 0.06903788248697916 0.06618887442129764 
12 0.5906019083658862 0.30052155671296366 0.013379516601564017 0.1867346643518532 
12 0.030130106608073484 0.3002732566550936 0.012239786783855304 0.10704607928240943 
4 0.3481548055013027 0.4004604240700061 0.24962788899739696 0.19795788517704516 
4 0.7396096801757817 0.38995406963207035 0.1566139729817716 0.17268519366228888 
4 0.07442708333333409 0.4006801576967603 0.14885416666666818 0.10715820312500202 
4 0.9122411092122396 0.3353792328304718 0.0968719482421875 0.07686957677205336 
4 0.5930433146158862 0.3548198805914985 0.08349670410156401 0.071676798220034 
12 0.9905867513020837 0.2740775101273155 0.011430664062500758 0.14888201678240875 
13 0.6148561179637909 0.4220223409158212 0.018652665615081786 0.03567879641497577 
