4 0.09166646321614612 0.38027750651041664 0.09250040690104223 0.06814869068287037 
4 0.8089584859212242 0.3137499085179082 0.04645802815755265 0.04601833555433485 
4 0.5707214864095055 0.4374051581488722 0.3911611938476568 0.311106612594038 
12 0.6710504631201426 0.16920720559579355 0.022194310029347738 0.0982216305202908 
12 0.46362783908843996 0.1771825154622396 0.01440269152323405 0.10241913972077546 
4 0.9863993326822916 0.2955513106452094 0.027201334635416668 0.0402960530033818 
12 0.9892082621653875 0.1599728372361925 0.021485982338587443 0.07639460387053314 
12 0.009857553243637084 0.3299236721462674 0.01958388090133667 0.253139806676794 
12 0.8460073639949163 0.1620714929368761 0.025027626752853395 0.0881476155033818 
4 0.7306677043437958 0.31318083339267305 0.03848588069279989 0.04365405683164243 
4 0.8605284571647644 0.307514582739936 0.039902536074320476 0.033999796266909 
