4 0.6927239547173182 0.5575561753025762 0.0280941903591156 0.023820032896818936 
4 0.7140467623869579 0.558708522937916 0.022907570997873942 0.02561293707953559 
12 0.5249223247170448 0.5219277558503328 0.005330692728360494 0.0799123693395544 
12 0.5056166768074035 0.5100181756196198 0.007059566179911296 0.11448983792905454 
12 0.12522429501016935 0.4968124177720812 0.007779929538567861 0.09743162084508825 
4 0.013094798723856608 0.5227986300433124 0.026189597447713216 0.043593498512550635 
4 0.7945236941178639 0.5502665837605795 0.04585687716801961 0.06272211428041811 
4 0.3239461898803711 0.5515486999794289 0.07718518575032553 0.06195156662552445 
7 0.4857293709119157 0.7418297887731485 0.10281250158945644 0.1250441261574081 
7 0.09812500079472859 0.7233823423032407 0.19625000158945718 0.11897605613425925 
7 0.2092441805203748 0.6990078848379636 0.1379687484105413 0.1323546006944458 
12 0.8738795975844066 0.4900368923611125 0.015469563007354737 0.2232595486111138 
