10 0.7700139085451762 0.2967007354453758 0.07890517711639404 0.11096874519630714 
4 0.9264733890692393 0.29906845975805213 0.043571778138478595 0.04628506766425239 
4 0.9792190551757812 0.30620370370370437 0.0415618896484375 0.04592592592592458 
4 0.5140783691406255 0.3903703703703707 0.7183015950520845 0.44703703703703634 
4 0.22796793619791725 0.31472204137731513 0.10145996093750113 0.06259295428240808 
12 0.036836270491282144 0.19523881417733685 0.03376368681589762 0.13640355428059828 
12 0.9034771303335826 0.14905899189136645 0.023138749599456786 0.09696238482439959 
12 0.22937245686848987 0.15976277104130499 0.010838419596354735 0.09906113236038773 
12 0.6812976504365603 0.15451602935791015 0.01274992326895396 0.10115987989637587 
12 0.28285821676254275 0.25509506508156105 0.013828412691752116 0.14709334196867765 
