13 0.20853444417317726 0.5107577482859293 0.02793111165364621 0.0566663212246365 
4 0.02615169088045756 0.3906854647177237 0.05230338176091512 0.05042836577804 
10 0.22217099666595458 0.35585228602091473 0.07116084098815918 0.08569907435664424 
13 0.6758025050163269 0.5226233835573549 0.03701353867848714 0.07311315889711734 
4 0.5624481201171875 0.3788146520543983 0.20531209309895834 0.28329662181712995 
4 0.11416666666666704 0.3862959346064818 0.09656250000000076 0.05925998263888956 
12 0.7925676536560061 0.24017755720350478 0.05253114064534448 0.22178306579589843 
12 0.43387556274731953 0.31437355324074073 0.015146958827972411 0.09534324363425926 
4 0.3113539632161457 0.38396014178240756 0.0871874999999998 0.10170934606481515 
4 0.381424051920573 0.3939198133680562 0.058089396158854355 0.0638270399305569 
12 0.15084828694661495 0.34370406539351867 0.009657592773438257 0.09796223958333367 
