4 0.2245726982752482 0.40011114968193917 0.09360136985778808 0.06670378084535919 
4 0.1636440674463908 0.3953830090275519 0.10384453137715657 0.07113638842547347 
4 0.7327372233072916 0.3880208333333333 0.2705891927083333 0.19892939814814814 
12 0.9203287760416666 0.29648139105902793 0.03850911458333333 0.11092610677083367 
4 0.3229427735010783 0.4036315960354277 0.10384453137715657 0.0709668957745584 
4 0.5055534601211548 0.39264745005854856 0.15823928515116373 0.10926046724672671 
12 0.5143431091308595 0.30954402358443583 0.012042948404948106 0.07482987297905681 
4 0.43274014790852866 0.3883974004674841 0.055419667561848955 0.05077302720811632 
4 0.6242060879866282 0.3793340435734502 0.054069117705027266 0.07219709467004846 
12 0.7292750577131907 0.2676802546889694 0.018180445830027262 0.04365405683164243 
12 0.6295185556014379 0.2720873973987721 0.019833213090896605 0.06338233241328486 
12 0.50910275131464 0.2641129952889902 0.01511102020740509 0.0591848302770544 
12 0.3563398664196332 0.26180393784134476 0.01274992326895396 0.0805921060067636 
12 0.15682710309823353 0.2517295448868363 0.010388825337092083 0.0906661210236726 
