7 0.4695733745892843 0.38624823270020664 0.058668843905131024 0.028131592715228044 
7 0.3238058269023895 0.3865870431617454 0.06000179052352905 0.024069268615157517 
7 0.2618235488732656 0.38709504427733243 0.0628581166267395 0.02373074248985008 
12 0.03920267740885445 0.21662037319607255 0.0698238118489589 0.38824074639214307 
7 0.34390491048494976 0.37776819299768555 0.05712643067042033 0.02538953993055623 
7 0.4709157864252726 0.37440018830475985 0.05369884173075358 0.019329890498408563 
7 0.2867022534211477 0.37868273964634647 0.05712643067042033 0.02437394283435963 
10 0.3534842491149902 0.2569343425609447 0.31613903045654296 0.2981966654459635 
4 0.6074252645174663 0.29396937864798084 0.06695217291514079 0.03777961377744322 
4 0.7032832543055216 0.2817820425386782 0.03884596824645996 0.04021700753106011 
7 0.4055913150310516 0.38624823270020664 0.05981137355168661 0.028131592715228044 
