4 0.2133284505208337 0.2803748844288024 0.05344726562500076 0.05593495404278588 
12 0.4500495402018231 0.21387494758323386 0.010005086263021212 0.10869245882387514 
12 0.7555952340364456 0.19234529071384007 0.030982134739557902 0.07878780364990234 
12 0.6087165852387746 0.11014907271773727 0.018359887599945068 0.10299671314380787 
4 0.1218452962239591 0.29013726128472356 0.09047607421875152 0.06102177372685454 
12 0.8065952310959498 0.11304974379362884 0.024887849887212116 0.09284210911503545 
12 0.10048446655273438 0.09773154082121673 0.013614400227864584 0.1198807610405816 
4 0.23749806722005265 0.3078544478946275 0.07875386555989697 0.0818200069003608 
4 0.8103345743815111 0.27995912905092624 0.10776835123698068 0.10121455439814747 
4 0.5725778198242192 0.4265277777777791 0.4813026936848966 0.4447222222222249 
