7 0.42044489542643265 0.5364037181712968 0.07411020914713617 0.05830367476851953 
7 0.5662749735514325 0.5306448929398155 0.08380421956380246 0.0551916956018532 
7 0.49967239379882833 0.5136106589988433 0.0716968790690108 0.04296386718750135 
7 0.4896995544433594 0.5547308123553244 0.08830922444661458 0.06776059751157475 
7 0.3853396606445315 0.4914087818287044 0.05307067871093807 0.03181206597222357 
7 0.352349853515625 0.5173489945023153 0.06300862630208333 0.04641312210648249 
7 0.30544793407122295 0.5060489124721951 0.050675531228383384 0.040881100407353155 
10 0.44184336344401015 0.34996455439814883 0.42452026367187445 0.5112254050925913 
12 0.7883222961425782 0.31453703986273923 0.01460540771484394 0.2257407463921431 
12 0.15485555013020852 0.3020899341724544 0.02851806640625038 0.3947090205439828 
