12 0.47051879912614825 0.5702651186342607 0.006074626247088114 0.09613642939815084 
4 0.0994796375433604 0.6137151276623761 0.04021700620651245 0.035342220023826316 
4 0.3811129828294118 0.5879598546911169 0.04844321012496948 0.05321643970630787 
4 0.5194504181543986 0.5851571118390119 0.041359535853068036 0.06377848872432003 
4 0.3051536520322164 0.6029349644978841 0.10661162535349528 0.068315675523546 
4 0.8634155750274658 0.5834268976140905 0.07348744074503581 0.047821677172625504 
4 0.9502021610736847 0.5861072045785409 0.04853461186091105 0.036609663786711516 
4 0.7961772461732228 0.5918285228587963 0.028391683101654054 0.026853660300925924 
12 0.854198710123698 0.5548614728009262 0.011915079752604167 0.13694372106481548 
12 0.11569717407226582 0.5587035228587958 0.016209818522135797 0.17425745081018418 
