12 0.7898177591959638 0.43234230324074074 0.0039061482747399625 0.066796875 
4 0.7314762878417971 0.4475676810299909 0.021630757649739964 0.025151999791463216 
12 0.936416473388672 0.4229455276771828 0.007479553222656439 0.10651931056269894 
12 0.15523788452148465 0.37938117274531613 0.026295064290365152 0.17582144560637297 
4 0.3754217529296876 0.4683796324553315 0.14613566080729185 0.1578703760217734 
4 0.5279154459635417 0.4637037941261581 0.20198160807291668 0.189073893229168 
4 0.8820976833502452 0.45107740296257864 0.048049533367156984 0.027301290300157335 
4 0.8374535115559899 0.44735730047579164 0.025405476888021403 0.025535998521027743 
13 0.7131458012262982 0.5067671493247703 0.017749935785928983 0.03277077145046658 
12 0.6677564814686775 0.42183259186921346 0.007523257533709208 0.12263111255787137 
4 0.06204035679499308 0.4477621255097566 0.038444320360819496 0.036100422894513165 
4 0.03010166088740031 0.4533598271122687 0.03745857079823812 0.04624330873842626 
