4 0.6922918677330017 0.42261660540545426 0.10456461111704508 0.13153240062572338 
4 0.4740302530924481 0.5016818576388888 0.42714782714843785 0.41422887731481484 
12 0.847931417028109 0.3592057291666673 0.012737834056218844 0.17048936631944578 
12 0.012164764602979024 0.3279730026810259 0.02432952920595805 0.13724230165834747 
4 0.058994789918263756 0.4174980022289135 0.11660001277923585 0.085949057119864 
12 0.5423235066731773 0.20501953125000016 0.024415486653646214 0.20125723379629662 
13 0.6199059883753458 0.7650246090359158 0.07614213625590006 0.16043116251627604 
11 0.10633278687795003 0.37643186074716073 0.13806637128194174 0.09052105656376591 
4 0.8490019202232361 0.40854147805107965 0.06798064708709717 0.0684356760095667 
4 0.9610417683919271 0.4431018490261505 0.07791646321614583 0.1247222165708182 
