12 0.8297396335999172 0.27814796730324026 0.02187510053316733 0.3224074074074064 
4 0.157598207394282 0.3564652531235306 0.03443266153335571 0.03742775740446868 
4 0.8971093757947287 0.3738110909638576 0.07848958492279033 0.07577069176567824 
13 0.8535260677337646 0.6138055589463975 0.0622767448425293 0.11698105423538774 
4 0.23326306740442912 0.3621652020348443 0.06161789099375407 0.055052336940058955 
4 0.08924922148386637 0.38233022336606626 0.17849844296773273 0.27257783677842884 
4 0.31334707339604695 0.36849948388558845 0.11821534633636474 0.08833541163691767 
4 0.7305131713549297 0.36801397535536023 0.11603122552235921 0.10483762953016493 
4 0.49622390747070333 0.45026509320294417 0.3910938517252608 0.3899959705494068 
10 0.8160529971122742 0.3371972755149559 0.05115710099538167 0.08103517602991175 
