4 0.13888683716456096 0.434678296689634 0.03954837322235107 0.04022609569408275 
4 0.023607075214385986 0.4331841822023745 0.04721415042877197 0.044544000978823065 
4 0.2824377814928691 0.43923184959976763 0.10476000308990478 0.052799998389350046 
12 0.14074576795101165 0.39624155539053457 0.013783202568689982 0.14711274041069877 
4 0.906848955154419 0.45486074659559445 0.11161457697550456 0.09194443879304075 
4 0.9726913452148438 0.44191713686342593 0.0546173095703125 0.052276837384259256 
4 0.8236505091190338 0.43983063662493704 0.043655184904734294 0.038550162138761626 
4 0.7288593872388209 0.4541205498024266 0.07688544114430632 0.06064814532244579 
4 0.646532897949219 0.4450925911797421 0.08995503743489622 0.06481481198911246 
4 0.4785359700520833 0.5322949218750005 0.5362386067708333 0.6822620081018529 
4 0.7642364859580993 0.43979150630809644 0.054655019442240396 0.032793009722674335 
12 0.20007802327473978 0.38567970558449105 0.0068231201171878786 0.09567762586805623 
