4 0.7137322554985682 0.5676174720128377 0.0280941903591156 0.021984437659934714 
4 0.3455098350842794 0.5575382197344745 0.07552080949147542 0.060472128126356335 
4 0.817795850833257 0.5614225458215785 0.047434556484222415 0.06258033469871238 
12 0.8991370646158856 0.49876266055636936 0.01651753743489621 0.22325955143681278 
12 0.1496639351050059 0.5006428259390372 0.008215606212615967 0.09382941634566695 
4 0.029501515626907348 0.5262397306936758 0.0516238808631897 0.03900470733642578 
7 0.5044010392824816 0.7486733217592599 0.1032812452316269 0.1256163194444458 
7 0.10919270515441895 0.7230418113425929 0.2183854103088379 0.11632378472222289 
7 0.2309114559491481 0.7028521050347233 0.13463541189829395 0.13336986400463166 
4 0.7354027380545934 0.5700720893012152 0.022691462437311807 0.027320466218171295 
