4 0.8172384818394979 0.45417103590788666 0.16424991289774576 0.10675787042688441 
4 0.5206515391667684 0.43986846782543043 0.03981483777364095 0.03632692407678675 
4 0.44875422517458596 0.44659587718822336 0.06383535464604696 0.06382073296440972 
4 0.7029767751693725 0.43983945316738554 0.03981483777364095 0.03158862855699327 
4 0.6237004280090332 0.45538975750958477 0.17292168935139973 0.1267445034450955 
4 0.13719592253367144 0.4609331597222224 0.2052251784006747 0.10887442129629664 
4 0.9182847340901693 0.4324935178403503 0.049905649820963544 0.05554259123625545 
12 0.6302465311686201 0.3423044162326396 0.011173604329427652 0.1013170934606495 
12 0.15531870524088542 0.3211876085069451 0.04561258951822917 0.5398470052083347 
4 0.8872986396153768 0.4436903953552246 0.03948578834533691 0.05264771779378255 
4 0.9461171468098958 0.4488091786702474 0.10776570638020834 0.09993317215530961 
4 0.34411694208780924 0.4638523596304434 0.13754215240478515 0.12173322041829428 
