9 0.13817511002222696 0.5441616694132487 0.020144979159037273 0.030572326095015916 
12 0.9756770833333335 0.418287037037037 0.02270833333333352 0.30972222222222223 
12 0.8877603149414066 0.4548146339699079 0.013958536783854924 0.17703739872685287 
12 0.22645833333333343 0.48574083116319444 0.009687500000000189 0.14055537471064813 
12 0.565163523256778 0.48245243778935254 0.0065782672166809185 0.09787290219907542 
4 0.4437984255949658 0.5175761166325326 0.03738851785659752 0.04496704807987852 
12 0.08267700205246627 0.505511971932871 0.006291504104931771 0.0878649450231495 
4 0.8512465000152588 0.508018402700071 0.04343436559041341 0.02053260979829011 
4 0.3249007860819499 0.5292823270515159 0.02599480946858724 0.028663757112291126 
4 0.4134144127368927 0.5225553194681803 0.0273110032081604 0.029248732107656973 
