4 0.5403473917643234 0.50930564597801 0.5813885498046887 0.5441664858217606 
12 0.9427240739266077 0.2612121016890914 0.01961766282717387 0.10181873462818287 
12 0.8270698954661687 0.2779463591399016 0.02085528572400411 0.09134193702980324 
12 0.24442067464192738 0.2765792281539352 0.029179484049479735 0.09036006221064814 
12 0.17865030924479205 0.286573169849537 0.018636881510417425 0.21666847511574075 
4 0.9021352132161459 0.3489587854456018 0.117083740234375 0.09282316984953703 
0 0.8439293464024862 0.5634193738301595 0.03538269996643066 0.09854737034550419 
4 0.2273149021466575 0.35098633236355253 0.07942147095998091 0.06795031229654948 
4 0.9559371948242188 0.3418856903358742 0.0881256103515625 0.06707397037082248 
4 0.8308194653193159 0.3588322674786603 0.14143059730529708 0.11001479537398727 
