12 0.759322967529297 0.312357704727738 0.01166656494140644 0.07340428387677228 
4 0.22113154093424517 0.4293829988550257 0.033674418131511175 0.03171340801097729 
12 0.16059873153765997 0.4076224786263925 0.007496087749799093 0.1018877523916739 
4 0.1202246069908142 0.42845532099405925 0.06186645030975342 0.04267814777515553 
4 0.29241365094979604 0.5297574431807907 0.02459475795427958 0.042752371893988714 
4 0.9094468692938487 0.4090630884523745 0.05397166013717651 0.03185049692789713 
4 0.855999959508578 0.4053655779803244 0.028229167064030964 0.019268844039352525 
13 0.8828711954752606 0.5062429470486113 0.019882609049479544 0.039551142939815154 
4 0.6532812515894572 0.43726001880787085 0.06802083651224772 0.06955403645833434 
4 0.50468739827474 0.47537027994791664 0.2186460367838549 0.2807409215856482 
12 0.0512867679198583 0.37092144577591507 0.01412850817044576 0.10298112939905238 
