4 0.9731836954752604 0.33669125203733125 0.05363260904947917 0.036901022593179664 
4 0.42003590901692717 0.3565491206557664 0.049615681966146026 0.06013527834856918 
4 0.5425052897135421 0.3943981453224465 0.1591560872395841 0.18046295731155962 
4 0.872646712859472 0.3388912398726857 0.046960092385609185 0.030180483217593604 
4 0.2948678588867191 0.3777112268518522 0.1351601155598966 0.10513310185185253 
4 0.4286452221870415 0.41680555767483285 0.09031249841054129 0.0899074116459579 
4 0.9156836954752606 0.3434828920717606 0.03915344238281288 0.031182364004632323 
8 0.10291512807210286 0.8632429546780056 0.14337298075358074 0.12036250079119647 
12 0.894696835676829 0.25935687312373407 0.025121617317199706 0.3511392381456163 
12 0.6300604934493701 0.3142783836082176 0.0109368234872818 0.16194797092013888 
