7 0.37797772884368896 0.4280793543215151 0.03633875846862793 0.020029513041178386 
12 0.27198140462239595 0.30554398148148165 0.05041219075520852 0.29928240740740775 
12 0.22053339640299516 0.3452020037615747 0.014558207194011175 0.1557071035879643 
5 0.3408388257026672 0.3703717478999385 0.028182371457417806 0.03320949695728443 
5 0.30598245859146117 0.37934294276767305 0.04990945657094319 0.03219391504923503 
4 0.8179397980372111 0.35784939659966364 0.2061158021291097 0.23445783544469762 
10 0.4429432551066081 0.3418440924750434 0.20658963521321613 0.1987977769639757 
7 0.4858829418818156 0.422014045715332 0.03724643389383952 0.021124083907515915 
7 0.40471598903338113 0.4296309612415455 0.04665325085322062 0.02200425465901693 
7 0.44660842418670654 0.42469401094648573 0.026024262110392254 0.016644242957786277 
7 0.5193651795387269 0.41750087384824397 0.03538664976755778 0.018054771423339843 
4 0.05294203360875448 0.39508936140272355 0.09871447086334229 0.059082440976743346 
