12 0.3646451314290365 0.23549652452822084 0.02384185791015625 0.07482876954255281 
4 0.10636586348215739 0.3262572210806394 0.14161458015441894 0.0841811088279428 
4 0.3660157267252605 0.33370361328125 0.16807271321614603 0.1288890697337963 
4 0.8217155456542968 0.3305555569684067 0.1560480753580729 0.09685185467755286 
4 0.9576562500000004 0.3180043764467596 0.08468749999999924 0.14399124710648215 
4 0.20048381090164186 0.26952021846064883 0.018416555722554524 0.08855215567129765 
11 0.7471354675292972 0.23125761526602287 0.02791656494140682 0.1909964949996383 
12 0.5418404757976532 0.2253973395736129 0.027373985449473063 0.10622545171667028 
4 0.5192708301544191 0.38347231264467607 0.21437499364217086 0.2017590784143522 
12 0.22976200064023355 0.27997542840463147 0.018690667947133 0.10622545171667028 
