4 0.1630666236082713 0.41032969333507396 0.06290896336237589 0.03536931143866645 
12 0.8719180246194204 0.2939110932526765 0.048399444421132407 0.18779325132016783 
12 0.39420370558897655 0.34690334885208696 0.02055055896441142 0.22227891992639612 
4 0.10637876391410828 0.4100120261863426 0.04197505712509155 0.02769187644675926 
4 0.07186419765154521 0.4123434976295189 0.03361283540725708 0.02361096805996365 
12 0.4512203281124433 0.373814038877134 0.01554388701915741 0.12662475020797165 
13 0.41098335683345794 0.5424141265727855 0.022036904096603395 0.037077963793719255 
7 0.5394667237997055 0.4393999664871781 0.010624935229619345 0.02343607302065249 
12 0.17620830337206522 0.3767117323698821 0.01408449411392212 0.14795833163791233 
4 0.30957183837890623 0.45177699195014104 0.19700215657552084 0.1813317616780599 
10 0.5167213400204976 0.3732613810786494 0.09610747496287028 0.16921879803692852 
4 0.7728642781575521 0.4400363498263889 0.2225006103515625 0.24677915219907406 
