4 0.8644617716471354 0.3485638201678242 0.040868123372395836 0.04009458188657441 
12 0.12438239455223084 0.2594214050858109 0.01958388090133667 0.06818091781051071 
12 0.5612639935811363 0.18694883275915075 0.017527987162271566 0.1432751973470052 
4 0.22586018880208342 0.38726942274305554 0.18380045572916687 0.16342411747685184 
4 0.8291570536295576 0.361140588831019 0.05710255940755265 0.05512622974537138 
4 0.022447916666666855 0.37957031250000034 0.04489583333333371 0.06900752314814883 
4 0.5199218622843428 0.40847222222222274 0.5338020579020176 0.3937962962962973 
12 0.9567619457840919 0.3029399236043294 0.011049933234850566 0.14002879107439958 
12 0.34283433904250465 0.27821580392343026 0.01511102020740509 0.049530566180193865 
12 0.2492875481645266 0.27086997738590946 0.01629156768321991 0.0579255739847819 
