12 0.06627512613932349 0.34360658998842625 0.03161641438802197 0.36963867187500066 
13 0.0743622342745463 0.6114235136244032 0.04243174393971761 0.07906085826732494 
12 0.09776611328125 0.3447750289351865 0.011238606770833333 0.07674623842592862 
4 0.8733333325386051 0.40527832031250033 0.11604166507720871 0.08240632233796363 
4 0.6311975097656254 0.4435179759837966 0.22916748046875077 0.16796404803240808 
4 0.09600433349609432 0.44384295640168403 0.1174704996744803 0.12250072761818147 
4 0.3347830200195318 0.4595833333333337 0.24355895996093863 0.21268518518518587 
4 0.4975930786132816 0.4213071491100183 0.1000221761067716 0.08465133525706835 
4 0.21126471757888793 0.41126578472278735 0.04495375156402588 0.023562385417796948 
13 0.5503794352213541 0.5310154243751809 0.021533203125 0.0493626629864728 
