12 0.3281219338377317 0.404716067843967 0.015453055500984192 0.13299984402126735 
4 0.22532440185546912 0.47157407124837275 0.07268452962239659 0.06129629064489227 
4 0.08637486775716165 0.47447835569028535 0.05975026448567746 0.0634011558250138 
4 0.7349090576171875 0.46345947265624965 0.094244384765625 0.05186830873842525 
4 0.9600372314453125 0.46323423032407407 0.079925537109375 0.07816116898148148 
4 0.877661234537761 0.47475631148726855 0.13957336425781364 0.1264133029513889 
4 0.5007561747233079 0.5530819645634404 0.49077931722005325 0.3376454106083623 
12 0.3970475574334463 0.38029672658001934 0.021830507119496665 0.037065530706335 
12 0.8607031250000001 0.3573674378571687 0.015052083333333143 0.1261100203902633 
12 0.25964728444814683 0.39905177222357857 0.01356336772441864 0.21399981180826824 
4 0.7959766586621603 0.4569043724625199 0.035416452089945476 0.038617049323187935 
13 0.973736063639323 0.7532434675428602 0.05252787272135417 0.12032337895146122 
