4 0.4784672816594442 0.4926020646978309 0.05626724561055501 0.048907833099364896 
4 0.15270961920420328 0.48249981915509277 0.09312065442403157 0.06296332465277811 
4 0.7811917682488759 0.5129193828724056 0.04047293265660604 0.04454246944851211 
4 0.6656963070233662 0.521468912760417 0.09443684418996175 0.07317328559027846 
12 0.8611544291178386 0.47114248770254663 0.016753641764322917 0.22987756799768452 
4 0.5794847885767619 0.528170794027823 0.14247787793477376 0.1146550284491645 
12 0.275940093994141 0.44657778704607876 0.006869812011719508 0.10000597918475014 
4 0.05366857051849365 0.5039972149884273 0.1073371410369873 0.20459816261574343 
12 0.24188135782877632 0.4356017614293983 0.010820617675781819 0.16231499565972257 
4 0.38172739346822104 0.5528324713530369 0.12076069513956705 0.10510938715051621 
4 0.35089197953542073 0.5220280611956561 0.1349097728729248 0.13044935155797888 
