12 0.9338271975517273 0.2710388324878834 0.03734840552012126 0.26908323499891496 
4 0.49885192871093786 0.3788471137152783 0.13240030924479243 0.07341688368055657 
4 0.3572395833333336 0.3751852756076392 0.1485416666666661 0.1583331524884266 
12 0.03442745169003843 0.2646322956791631 0.020000736713408667 0.1399452915898076 
4 0.04015625000000019 0.39655608000578774 0.08031250000000038 0.13448043258101985 
4 0.12528645753860512 0.3774579542654532 0.07932291507720872 0.06695294556794343 
12 0.514030224482219 0.29513717086226904 0.017018782297769045 0.08250343605324176 
4 0.23542978922526078 0.3739332863136581 0.06705708821614659 0.05842972366898283 
12 0.5509519161780674 0.2796372251157411 0.029195499022802097 0.13554036458333402 
4 0.6096496820449829 0.3984263653225374 0.1287537097930908 0.12963050842285057 
12 0.8798718988895416 0.2926754351015444 0.026353498299916584 0.12538450735586662 
