13 0.06460435887177786 0.5664872240137171 0.02029860218365987 0.03431993413854528 
12 0.6391942675908411 0.40808574535228587 0.00609686851501389 0.0938751220703125 
9 0.04117180605729421 0.5019486091755054 0.025432397921880085 0.0525734336287887 
4 0.8881744186083476 0.39532226562500067 0.06245723565419515 0.07213324652777912 
12 0.1562665812174482 0.44557463328043617 0.023196004231771403 0.13415056864420574 
9 0.07340726951758067 0.5059910749506074 0.012937992811203003 0.03161177953084175 
9 0.04972518801689176 0.5248145880522551 0.01788787603378239 0.036655362447102866 
4 0.44354175567626963 0.4502586082175926 0.28125017801920554 0.19577907986111112 
12 0.04859364827473958 0.42898184352450835 0.005937703450520833 0.03777777848420185 
13 0.7934563191731774 0.42555977326852307 0.009754028320313069 0.045213151861120154 
12 0.36034034192562103 0.3923755080611617 0.010220275322596232 0.0835791411223235 
12 0.8801561618844668 0.3673510516131366 0.009295071164766947 0.14078934280960648 
