4 0.02676400343577067 0.1717288511770743 0.050242280960083006 0.05561409703007451 
13 0.7739822387695312 0.18597566639935528 0.0261688232421875 0.05002027087741428 
12 0.18559850056966146 0.10207248263888889 0.010573832194010417 0.06807725694444444 
12 0.2034284464518232 0.07599410445601885 0.014809773763021401 0.10671549479166734 
4 0.4052232265472412 0.1817408526385272 0.31411975224812827 0.2802659211335359 
4 0.23578351179758716 0.14674912664625364 0.03500452359517396 0.038684161857322076 
4 0.14766135215759277 0.16397913049768587 0.12039187749226889 0.1005602575231495 
4 0.6504428100585936 0.10810393156828771 0.10255187988281213 0.08453287760416801 
10 0.9596166650454203 0.05082713939525463 0.08043735027313233 0.10165427879050926 
12 0.649809425820907 0.04369469925209328 0.006692826251188914 0.04954398473103841 
12 0.7381189475456874 0.07398934540925202 0.00947967569033305 0.14560781408239293 
