4 0.474739586512248 0.4581020270453556 0.3684375063578282 0.30749998869719264 
12 0.7301022042830785 0.3397035210220902 0.010985658566157023 0.10114821681269894 
4 0.6389304097493493 0.410566858362269 0.07099334716796951 0.0960885054976862 
4 0.9237499968210859 0.42145444516782443 0.13406249364217046 0.11672073929398216 
12 0.16978927612304726 0.18462990089699108 0.03740061442057367 0.1292587167245377 
12 0.3816461404164632 0.2365700954861116 0.0345854123433431 0.09593388310185286 
12 0.5090884908040365 0.2644966747142647 0.02880218505859394 0.07677076551649238 
4 0.6781097968419393 0.39877980020311143 0.032337554295857746 0.031780882234926575 
10 0.8713841613133753 0.3831869393807875 0.17568498929341558 0.14714463975694544 
13 0.8912617206573487 0.5286273956298828 0.0305998166402181 0.05379522818106192 
