4 0.8357206006844838 0.5128152997405441 0.041679441928863525 0.019011675869977034 
12 0.956991373697917 0.4252370876736113 0.024871419270833903 0.30804434317129664 
4 0.4017336090405782 0.5254654743053295 0.02879172166188558 0.028809999536584925 
12 0.9963533019026121 0.47436125578703836 0.0067691038052241 0.09442563657407677 
4 0.42878856102625584 0.5217666534141261 0.03768128871917611 0.04594071423565833 
12 0.5511747741699224 0.4890022786458337 0.00589121500650928 0.10292136863425994 
4 0.30973655978838605 0.5327772387751827 0.028517512480417888 0.03075991736518012 
9 0.12093290686607361 0.5452693780263265 0.022456634044647216 0.03387823811283818 
12 0.8703071594238281 0.4597975441261581 0.013552347819010416 0.1783678747106495 
12 0.21047999064127604 0.4889814843071833 0.00924835205078125 0.14351852416992153 
