13 0.3172770619392395 0.5016700462058739 0.03535978794097901 0.06769736961082176 
4 0.047094062964121504 0.33993046195418747 0.052000625928243 0.04449127691763419 
4 0.5805872090657554 0.5564531340422457 0.5041952514648433 0.6901288519965284 
12 0.10726203123728434 0.2899327207494665 0.018169895807902018 0.09783961684615523 
12 0.22963985621929198 0.2711041697749385 0.013654712438582805 0.08696022033691406 
12 0.14490199983119964 0.26655346552530923 0.010637332995732626 0.07651151727747034 
4 0.21431267897288014 0.35427817238701714 0.20560452461242656 0.1140594553064417 
4 0.9243879954020182 0.3204155868954129 0.08664423624674479 0.04280600017971463 
4 0.7905496279398601 0.3407364951239692 0.17036113739013672 0.13929814939145688 
12 0.447156023979187 0.22366347842746312 0.01279756228129069 0.06769190187807436 
13 0.8829829166332881 0.46916042257238316 0.029277600844701133 0.06338233241328486 
