12 0.5204026073217392 0.14779940357914678 0.017849892377853394 0.0730365965101454 
12 0.3411829630533854 0.138464778617577 0.015550740559895833 0.09748511279070685 
4 0.8751562515894572 0.2978707320601845 0.12583333651224773 0.14129629629629495 
12 0.10112898995478949 0.1187383538705338 0.01274992326895396 0.11081004107439825 
4 0.13522939046223997 0.3496440901579684 0.2179787190755216 0.18873262476037983 
12 0.16309072474638622 0.22074960214120404 0.010371309518814088 0.06535264756944512 
4 0.6052462768554695 0.38606463396990875 0.491382446289064 0.4099077690972249 
4 0.4229080192248034 0.2984785517939818 0.08925353844960379 0.08026511863425993 
12 0.5616716512044273 0.14148130063657408 0.01644836425781288 0.10685221354166667 
4 0.819176173210144 0.2933688905504015 0.10653268496195475 0.1344880704526548 
12 0.656402454773585 0.15686649039939599 0.024083189169565835 0.0629625814932364 
