12 0.13158681233723968 0.3299072265625 0.03797220865885435 0.12351888020833333 
4 0.7832484205563863 0.43529279708862356 0.07999985218048096 0.0728078163994673 
4 0.49121814568837485 0.430084997106482 0.1608908812204997 0.09316333912037138 
4 0.673724905649821 0.44712343004014793 0.14149074554443358 0.12535797119140557 
12 0.09786636352539091 0.31536512586805604 0.03114227294921932 0.23649197048611212 
4 0.9490362040201826 0.45683357097484445 0.10192657470703068 0.15273687574598524 
12 0.5110677077372869 0.3049309172453705 0.03765624880790692 0.4949529803240744 
4 0.8641736249128977 0.43399806022644044 0.05347033739089966 0.039404540591769746 
4 0.5941602865854899 0.42110010429664896 0.05737778345743815 0.053257066232186775 
4 0.05679186185201009 0.40708142033329714 0.10299208958943686 0.09944568210177951 
