4 0.31570465087890703 0.41472367039433367 0.17463236490885567 0.14926215560347675 
12 0.4408402293920517 0.325440357349537 0.017477577924728392 0.20282298900462964 
12 0.2681463410456975 0.3191791449652791 0.017477577924728392 0.0871972656250027 
12 0.10607584635416742 0.3454931640625007 0.01107747395833485 0.11901367187500135 
12 0.9196133422851565 0.2916666666666667 0.047732950846354545 0.19537037037037036 
10 0.5523288369178772 0.3496803919474284 0.09827136198679606 0.16275415773744936 
13 0.822633175055186 0.5029088408858687 0.033716464042663576 0.065984782466182 
13 0.36044310132662455 0.4910756128805655 0.016888399918874104 0.030606810251871744 
4 0.24697936177253724 0.3744785715032507 0.03754799763361613 0.030606810251871744 
4 0.6593488566080736 0.42355288046377676 0.18421895345052236 0.203587242409035 
