4 0.823169352213542 0.40542805989583336 0.2936612955729174 0.17381908275462962 
12 0.03989817301432292 0.3437682653356483 0.031141153971354165 0.3413523582175929 
12 0.15890187581380247 0.29337510850694476 0.018029581705729925 0.21269422743055624 
12 0.3017078653971358 0.3082608145254636 0.02043843587239659 0.12310800057870505 
12 0.5546184285481772 0.2667947048611116 0.029408976236979356 0.0938179976851862 
12 0.7538050333658854 0.21630660445601918 0.026764933268229166 0.1264608651620384 
12 0.9429464475313826 0.31666178385416716 0.01620539506276373 0.16167643229166767 
4 0.05001506010691325 0.4335696976273152 0.1000301202138265 0.11378653067129697 
4 0.19620681603749593 0.4255156163816099 0.10719024340311686 0.10073103021692346 
4 0.37095116774241127 0.44599730173746743 0.23439195950826008 0.22982374120641638 
4 0.5331196022033694 0.4179117344043873 0.06801003774007104 0.08320121765136719 
