12 0.777738775412242 0.2685673466435185 0.02381088415781581 0.24434678819444444 
4 0.5500681559244792 0.43899287471064813 0.4271484375 0.446875 
4 0.18262279431025188 0.35378279862580475 0.03918764591217041 0.03556219736735026 
12 0.17422865430514017 0.23675372865464953 0.02124987045923869 0.0705180909898546 
4 0.3064632813135783 0.34654468960232204 0.09173719088236491 0.057560588695384836 
12 0.19198267618815143 0.32436686197916736 0.011763814290365342 0.13534035011574208 
4 0.9044851175944009 0.3287060546875005 0.0738658650716142 0.06518988715277677 
13 0.6209921638170878 0.8996333369502315 0.12690355777740478 0.20073332609953703 
12 0.38356597900390643 0.288709400318287 0.019534708658854545 0.2716552734375 
12 0.034404258926709494 0.2171094046698676 0.02719983458518982 0.0886513180202908 
