4 0.9239821370442712 0.34155580944485187 0.05453572591145909 0.039963470741553535 
4 0.25809906005859395 0.362726598668982 0.08192687988281287 0.058435691550926934 
4 0.12213521162668854 0.37384277343750016 0.07333333015441876 0.05064778645833367 
4 0.9493750000000001 0.3917826066193752 0.10124999999999981 0.103378581294306 
4 0.48297088623046897 0.42134186638726095 0.15509989420572953 0.12194443879304041 
4 0.8564582848548885 0.37810221354166734 0.12239634672800624 0.07879557291666801 
4 0.7724218750000001 0.3670373959011495 0.0995312500000002 0.06851851286711381 
4 0.5764583333333334 0.3534986255787039 0.039791666666666475 0.04411385995370404 
4 0.3777079276243844 0.35513708043981496 0.06302083571751875 0.05565176504629663 
4 0.2748698933919272 0.46509711371527795 0.17328104654947935 0.1681391059027781 
4 0.3393113422393796 0.5008222113715285 0.14237187067667587 0.12502224392361247 
