4 0.47817708015441934 0.528199146412037 0.4658333269755038 0.3574905960648148 
12 0.7792760801812013 0.397545826876605 0.004021317263444265 0.056909868452284074 
12 0.8230564321080843 0.38112451765272354 0.010427642862002056 0.14465282581470632 
12 0.8374703979492192 0.38793303313078736 0.005684204101563258 0.10135615596064883 
12 0.76688651646177 0.3938958026744701 0.005439699590205767 0.08255976217764395 
4 0.10549499432245853 0.4768056459780096 0.11265624841054205 0.08749981915509326 
4 0.6611458365122483 0.43841543692129664 0.13468750635782764 0.07816912615740808 
4 0.04363448619842529 0.4689510698671694 0.08726897239685058 0.08520935906304253 
10 0.933795674641927 0.4036168698911314 0.13240865071614583 0.1486924348054109 
13 0.10345240831375122 0.6183868620130751 0.04039175510406494 0.06890624717429832 
