7 0.22699925899505616 0.5638750005651403 0.08701650301615398 0.06047207867657697 
7 0.3153209845225016 0.5448196623060438 0.06803108851114908 0.051330947875976564 
7 0.2987086296081543 0.5711879800867151 0.09730027516682943 0.0660973866780599 
7 0.3780124624570211 0.5476326394964147 0.08029250303904216 0.05554992887708876 
12 0.7332858949899673 0.17579691145155166 0.010037976503372192 0.13129036514847367 
7 0.44465938409169514 0.5096617981239602 0.05774731636047363 0.038674001340512874 
7 0.5063616037368774 0.5121226134123625 0.06328473091125489 0.04078349360713252 
7 0.3971956133842468 0.5251314657705801 0.054583080609639484 0.045705639874493637 
7 0.45632688999176024 0.5244279137364141 0.06605343818664551 0.049924620875605834 
12 0.5249527994791673 0.33233778211805554 0.03144856770833447 0.321435546875 
4 0.47608344356218973 0.4137498926233362 0.03955295483271281 0.07500412552445024 
12 0.7986751302083339 0.34323820891203705 0.011608072916667803 0.15611617476851852 
10 0.3554753621419271 0.3784329025833695 0.4394744873046875 0.46549210725007234 
