4 0.8024616440137228 0.43134566677941216 0.03869607448577881 0.025270905318083587 
4 0.3745595177014669 0.4007440999702171 0.03153378963470459 0.016574282116360136 
4 0.3113547871510188 0.38706998118647823 0.031259582440058394 0.02149781827573423 
4 0.13136123220125834 0.38880574968126086 0.033562918504079185 0.03509847852918837 
4 0.08871601422627767 0.38283946955645526 0.05093666712443034 0.04282014281661422 
4 0.9671767791112263 0.4440161316483109 0.03952527046203613 0.0414864010281033 
4 0.4126578728357951 0.4042847968913891 0.054885244369506835 0.04289034031055592 
4 0.6490398208300273 0.4306464866355613 0.1040529489517212 0.11230389630353009 
4 0.530033012231191 0.4217007036562319 0.1029157559076945 0.10007277594672309 
4 0.2725037129720055 0.39513771004147 0.019367574055990152 0.019011675869977034 
12 0.29295603434244794 0.35424631754557323 0.021900431315104166 0.15441856101707108 
