4 0.19851572831471742 0.3506132450810187 0.11296875317891401 0.07025499131944478 
4 0.7959639477729794 0.3427940538194451 0.062447915077208906 0.059597077546297644 
4 0.5822917683919272 0.48093912760416685 0.6198956298828127 0.4068254484953707 
12 0.09628842075665792 0.2983220488936813 0.03305535713831584 0.09696238482439959 
12 0.17855775058269502 0.2918076338591399 0.021759869654973348 0.2085320790608724 
7 0.9669339378674825 0.46276351081000433 0.04816637833913167 0.0367701495135272 
7 0.9291656494140625 0.45027179188198513 0.03768310546875 0.030222041518599897 
10 0.9396296183268229 0.33639389320656105 0.12074076334635417 0.2851413020381221 
12 0.8384256621201833 0.180530074790672 0.033659795920054116 0.09610608418782553 
12 0.4086003532012304 0.13418310659903068 0.0223256250222524 0.13578157778139469 
