8 0.39517709612846375 0.1154277589586046 0.05150124629338582 0.06144543400517216 
6 0.284433034261068 0.3669444451508702 0.02363393147786515 0.07240740882025758 
6 0.36463399251302064 0.9174074074074084 0.2012528483072913 0.16518518518518316 
8 0.6919991652170817 0.4157891308819806 0.24775972366333007 0.2759214330602575 
8 0.35383155822753926 0.5782197528415256 0.15328811645507776 0.1653840948034216 
8 0.5011958122253418 0.5081846731680411 0.14998480478922527 0.15357095223885994 
8 0.45675015449523926 0.1500166928326642 0.08034194310506185 0.08097775777180989 
8 0.2922892411549886 0.13882582982381184 0.03753868738810221 0.04150618800410518 
8 0.19832765857378643 0.17911179154007523 0.03776758114496867 0.04313388400607639 
7 0.10699318250020345 0.19575382232666116 0.0745698610941569 0.07187801502368867 
7 0.2625158182779946 0.1347054276642986 0.06909495035807253 0.07570715162488947 
7 0.33672151128451067 0.10300944010416768 0.0626096892356865 0.07287000868055758 
