10 0.3551140340169278 0.5066169343171303 0.15050109863281402 0.14491427951389024 
8 0.4588234456380216 0.5481521267361115 0.04204060872395985 0.041103153935185856 
8 0.39338470458984415 0.5519354021990744 0.04073059082031326 0.04186993634259327 
12 0.6960939025878911 0.42773148148148216 0.02281219482421951 0.26861111111110975 
3 0.07559895833333362 0.33276222511574105 0.15119791666666724 0.10984592013888957 
3 0.07528645833333343 0.395880624276621 0.15057291666666686 0.09323875144676061 
3 0.07528645833333343 0.45961633752893555 0.15057291666666686 0.07558213975694512 
3 0.07544270833333352 0.5221871383101854 0.15088541666666705 0.05673683449074108 
13 0.6064238488674164 0.5124509931493691 0.031318970521291095 0.11805013444688518 
13 0.5283231608072925 0.5398088469328707 0.03324951171875152 0.08278971354166734 
3 0.07602274576822955 0.27097231264467525 0.1509895833333341 0.1258313440393505 
13 0.6483509318033858 0.5128077980324077 0.031318969726563256 0.11549551504629697 
6 0.5602345275878908 0.7079624204282414 0.027135111490885797 0.057038122106482826 
