12 0.5962839762369792 0.5035032371238433 0.018890380859375 0.1289194516782421 
12 0.8345438639322916 0.48599618417245405 0.043412272135416666 0.2978224464699081 
12 0.7530091857910161 0.49346797236689866 0.034502461751302844 0.2432492404513899 
12 0.694348551432292 0.49767731843171364 0.02890706380208409 0.20353425202546432 
12 0.6527423095703128 0.4934475368923611 0.025557047526042233 0.1603271484375 
12 0.620211842854818 0.49941948784722223 0.02082631429036515 0.14097583912037037 
12 0.5766544596354171 0.5052022750289359 0.013253580729167425 0.11718804253472356 
12 0.18447921752929705 0.45106463396990776 0.0651042683919267 0.35379665798611176 
8 0.18701522350311278 0.6338697193287038 0.04418934186299642 0.06300130208333367 
8 0.3055901006857553 0.6289409955342611 0.03815977493921897 0.06158569477222584 
8 0.4447395829359692 0.6211463758680558 0.03614583253860436 0.05881835937500034 
6 0.09709711710611989 0.7448611096982606 0.0704932657877606 0.09490740458170506 
6 0.21456527709960938 0.7074537037037048 0.04847361246744792 0.05842592592592795 
12 0.9685995916525523 0.47382717838993776 0.05920642614364624 0.39322003965024593 
