12 0.6066265360514327 0.5211112891303165 0.029351094563802842 0.2298148091634108 
12 0.48336029052734375 0.5263890711466468 0.0192169189453125 0.1375925954182936 
12 0.45986836751302085 0.5293057321619101 0.017763264973958335 0.1258333248562276 
12 0.4399740091959638 0.5323572229456018 0.013593648274740152 0.11954481336805556 
10 0.4471832275390625 0.5522690624660914 0.086883544921875 0.07564815097384948 
8 0.30033183892567955 0.65166810353597 0.03855633735656738 0.06572770012749565 
12 0.7916876729329431 0.5059716796874993 0.04829132080078201 0.3556481481481468 
6 0.1579687500000001 0.769322554976852 0.07895833333333352 0.10228081597222256 
6 0.13044281005859376 0.7438817455150465 0.04744771321614583 0.0651994719328707 
12 0.5142921447753906 0.5200461154513883 0.021936543782552085 0.15435185185185085 
12 0.6785533650716147 0.5149538873743125 0.03674743652343769 0.27675926491066194 
8 0.14244903564453182 0.6662046079282408 0.04228942871093864 0.06666485821759259 
12 0.5522122701009115 0.5243513079042781 0.025783793131510416 0.1961111082854081 
