12 0.5977899678548179 0.530787037037037 0.029628397623698295 0.22916666666666666 
12 0.7825239562988282 0.5168055555555561 0.04807708740234394 0.35435185185185086 
6 0.1502863566080729 0.7515259693287042 0.037968953450520836 0.0706517650462973 
6 0.1993970235188802 0.7693051966914423 0.057455952962239584 0.09675926491066228 
8 0.12990245699882527 0.6731063729745377 0.04553408066431643 0.07397243923611246 
8 0.2905824899673462 0.661041295086896 0.03855633735656738 0.06572770012749565 
10 0.4368121846516928 0.5620373083043988 0.0868964640299481 0.07759205005787172 
12 0.430835164388021 0.5413424117476847 0.011975504557292046 0.12009259259259158 
12 0.45107111612955747 0.5396759231002247 0.01837860107421913 0.12694443879304007 
12 0.47472020467122417 0.5353701923511641 0.020038757324219128 0.13777778342918012 
12 0.5057331339518233 0.5302314828943323 0.022283732096354925 0.15490741023310908 
12 0.5433147176106772 0.5338886119701244 0.025453898111979355 0.19555500171802662 
12 0.6693151346842451 0.5256486991599753 0.035119730631510984 0.27611112806532084 
