7 0.6595809936523438 0.5343700267650463 0.17201436360677083 0.13483525028935187 
7 0.08200068076451619 0.37891515449241353 0.11113474369049073 0.04843722449408637 
7 0.21481326580047647 0.35756388063784 0.10004319826761805 0.035053253173828125 
7 0.39831162691116334 0.3403945516656946 0.06409965356191 0.038239913516574436 
7 0.46220559676488243 0.32944887479146323 0.05253009001413981 0.034964734536630133 
12 0.9537327587604523 0.19083810735631873 0.017028709252675373 0.1009108790644893 
12 0.8815900905927023 0.18231463396990774 0.03703434785207094 0.213518880208334 
12 0.9293851574261983 0.17862296634250216 0.04839739004770915 0.1911995640507451 
3 0.2493194580078125 0.32237548828125 0.14194234212239584 0.0849998191550926 
7 0.40403900146484373 0.5711186161747686 0.21761983235677082 0.1489357277199074 
7 0.8597752888997395 0.5162471064814815 0.16036275227864583 0.11576967592592592 
