7 0.16905136108398439 0.6930211950231482 0.15443369547526042 0.05227502893518519 
7 0.3034510294596354 0.709935619212963 0.15562845865885416 0.059497974537037035 
7 0.49505869547526044 0.6982476128472223 0.1262237548828125 0.04887514467592593 
7 0.44413859049479165 0.7375014467592589 0.15491129557291666 0.069817708333334 
7 0.24091898600260417 0.7593560112847222 0.17265523274739583 0.0835232204861111 
7 0.27942581176757814 0.804540111400463 0.21348114013671876 0.10029839409722222 
7 0.5059361775716146 0.8179271556712963 0.19555155436197916 0.08542390046296296 
7 0.7933990478515625 0.7046373155381944 0.12749837239583334 0.13245713975694445 
7 0.8947016398111979 0.6982625325520834 0.12490946451822917 0.12041648582175926 
8 0.7514719645182292 0.6273944769965283 0.041119384765625 0.04219636140046195 
8 0.855999755859375 0.6552535445601851 0.051239013671875 0.060206886574074074 
12 0.46905364990234377 0.48748372395833334 0.047850545247395834 0.6150571469907408 
