7 0.4470266215006513 0.09097439236111145 0.05938425699869849 0.038791956018519196 
7 0.5956012980143233 0.12898889612268552 0.07848490397135492 0.05905924479166734 
7 0.5504557291666666 0.14406385633680607 0.083984375 0.060575991030093604 
3 0.11500000000000009 0.0883684144196692 0.23000000000000018 0.12988497698748452 
7 0.5026303100585939 0.567991355613426 0.23869771321614622 0.3019802517361111 
7 0.26840504964192746 0.7756881148726852 0.2589190673828133 0.44862377025462963 
3 0.47920641899108884 0.02308294861404984 0.1470491091410319 0.0458367594966182 
7 0.6546941121419271 0.43752260561342593 0.2088409423828125 0.2129177517361111 
7 0.16315104087193835 0.2320191333912042 0.0968229150772089 0.10503580729166767 
7 0.24122395753860484 0.14219283492476886 0.06671874841054262 0.06135507089120438 
7 0.3355596923828126 0.10751211660879698 0.05346394856770852 0.04775354456018653 
