0 0.43246013124783833 0.4220930134808576 0.04339519739151001 0.07860262129041884 
9 0.8185143534342448 0.5626073300396961 0.04588795979817727 0.1624368823016118 
9 0.7706741841634117 0.5639655657167791 0.05167246500651099 0.1618200203224458 
9 0.7242761238416037 0.5660642708672421 0.05365641434987367 0.16323965284559394 
9 0.6776919563611349 0.5678307639227973 0.046529746055603026 0.16251337969744648 
9 0.6306976834932964 0.5639938679447882 0.04733286698659261 0.1463210692229091 
9 0.4062406921386715 0.5401388973659946 0.12199676513671799 0.22490742436161612 
9 0.5850938423474631 0.5713420486450197 0.044562684694925754 0.15268409729003873 
9 0.5361423754692078 0.5745246477480291 0.047701417605082 0.1505307769775384 
9 0.49112701495488503 0.577317345230668 0.044545696576435985 0.15056061638726062 
9 0.28220560709635456 0.5502142093799732 0.12610961914062577 0.13190990024142796 
9 0.14178237915039063 0.5858796268039281 0.13674774169921874 0.17990740175600373 
0 0.2748452564080556 0.6258773379855685 0.03930131196975708 0.116448324697989 
0 0.34771645069122314 0.6302433967590332 0.05731441179911296 0.08733864536991826 
