9 0.7962906901041668 0.573662923177084 0.03929361979166686 0.1284148943865754 
0 0.6337547322114309 0.6714618506254973 0.049278263250986734 0.08929052706117983 
0 0.5513079226016998 0.7034710848772967 0.06538846890131632 0.08255161709255643 
9 0.628302256266276 0.5838526294849544 0.12360382080078125 0.18396140769676061 
9 0.5358333301544193 0.6336532465616856 0.11458332697550398 0.19915689821596397 
9 0.41648437738418614 0.670293781139232 0.13098958810170416 0.21780833774142694 
9 0.8211569213867188 0.5669141529224538 0.041644490559896025 0.12839391637731515 
9 0.7678393554687503 0.5804078956886576 0.04588378906250057 0.13011013454861145 
9 0.7413219197591147 0.5921566659432874 0.044022827148437686 0.14013111255787106 
9 0.7031326802571617 0.5998842592592593 0.048734639485677654 0.14189814814814813 
9 0.8530989581346513 0.556180763244629 0.029531249602635513 0.12730654963740595 
9 0.8792600005865097 0.5476548300849067 0.028906760613123576 0.12730654963740595 
9 0.902081298828125 0.5435670004950629 0.02396240234375 0.11913089045771846 
