9 0.5547037760416667 0.5215277777777778 0.16090494791666668 0.11064814814814815 
3 0.6586418708165487 0.24504629912199832 0.18396871884663898 0.1110185241699212 
8 0.6857291666666668 0.5209238794114854 0.03270833333333296 0.070316364147045 
9 0.6486251831054688 0.5241667570891204 0.020457967122395834 0.07018500434027777 
8 0.43916780948638917 0.5446559164259169 0.05636296272277832 0.09434112972683377 
8 0.22661458253860473 0.5584722229286483 0.07510416507720948 0.10324074215359023 
8 0.7793677280346553 0.510381555557251 0.02261078159014384 0.0432276655126501 
8 0.8381219039360682 0.5109901322258843 0.024113680919011435 0.042647220470287184 
8 0.9319648087024689 0.5020070959020544 0.030573904514312744 0.03057307490596065 
8 0.964598669608434 0.49695701775727447 0.028861645857493082 0.031370632736771195 
