9 0.8897363281250004 0.5131138780381947 0.05896484375000076 0.17414261429398215 
0 0.32438154220581056 0.6498954172487612 0.07450873057047526 0.0887918472290039 
0 0.37842073241869606 0.6222384417498553 0.04175764322280884 0.12081513581452547 
0 0.4615265607833862 0.6178710054468226 0.05895196596781413 0.09461426205105251 
9 0.2035937468210856 0.5800768576727966 0.15718749364217122 0.21774558455855622 
9 0.36366449991861977 0.5407385691890012 0.13673350016276042 0.16832899022985354 
9 0.5008209228515625 0.5306016710069444 0.12283732096354166 0.21194480613425926 
9 0.5978385416666668 0.5451176381994174 0.05484374999999962 0.17412561204698282 
9 0.6502508544921876 0.5429479514227978 0.05324829101562519 0.16682182877151952 
9 0.6997739664713545 0.5363921440972229 0.05076456705729224 0.17703052662037172 
9 0.7472753906250001 0.5240237087673618 0.052428385416666855 0.1610266565393532 
9 0.7951751708984375 0.5254511176215281 0.056524658203125 0.17261628327546363 
9 0.8434696960449221 0.5196567563657414 0.05649810791015663 0.16976056134259393 
9 0.9384578450520834 0.5116585286458337 0.06798014322916686 0.17705331307870437 
