0 0.08292789657910665 0.5616594879715531 0.0369586984316508 0.09021712409125435 
0 0.13620976209640503 0.5646074153758861 0.048851815859476726 0.06915804545084635 
9 0.21242650349934897 0.4872222250479244 0.12410532633463542 0.1979629686143653 
9 0.26826344807942726 0.5143150485003439 0.04128560384114621 0.13474120811179766 
9 0.30494893391927086 0.511665580184372 0.04687296549479167 0.13184967888725993 
9 0.10424407958984384 0.483344363459835 0.10515767415364602 0.08539243062337105 
9 0.3873697916666667 0.5055422620420106 0.04192708333333333 0.1394178574173532 
9 0.5520368448893233 0.49316251966688385 0.042592976888021404 0.14354726155598924 
9 0.5076404825846358 0.4955678515964084 0.04555236816406326 0.1429875550446687 
9 0.46568501790364586 0.4987913216484921 0.042588297526041666 0.13887893959327913 
9 0.42619430541992215 0.50230568073414 0.04323638916015682 0.13887062072753906 
9 0.3477337137858077 0.5096264634308993 0.04557423909505284 0.13943811204698317 
0 0.03957229455312093 0.5789278348286947 0.049752092361450194 0.06410386120831525 
