8 0.8526302099227905 0.490621744791667 0.07869791984558105 0.10153428819444511 
8 0.22746949195861815 0.36802125330324525 0.036400572458903 0.05143059977778682 
8 0.16968941291173298 0.3560114207091155 0.036241618792215984 0.0460614698904532 
8 0.11333994070688884 0.34640344337180806 0.030360301335652668 0.04097492783157914 
3 0.8351822916666672 0.05009259259259293 0.3296354166666655 0.10018518518518586 
8 0.018773154417673747 0.322756866172508 0.025646487871805828 0.03442793952094184 
8 0.3055953661600749 0.3817218127074065 0.03596490224202474 0.05729128166481301 
9 0.48042758822441084 0.4185667815031829 0.0261676764488224 0.07812929506655093 
9 0.5079071044921875 0.4217711724175354 0.030019124348958332 0.08076456705729032 
8 0.5432088136672973 0.4320880006860804 0.052852360407511394 0.07841753783049407 
9 0.392609049479167 0.3927314821879076 0.13915690104166742 0.11064814956099764 
