8 0.015222860376040141 0.33555317454867895 0.030445720752080283 0.037481855463098596 
8 0.17903742472330747 0.38122884114583383 0.030154317220052462 0.05661639178240842 
8 0.11273792187372843 0.36341938619260433 0.0365374485651652 0.04964874055650499 
8 0.06400250991185506 0.3517432000901964 0.034660903612772624 0.04317281511094835 
9 0.3506756961345673 0.4252257622612854 0.027238436539967856 0.07656263563367921 
3 0.7266408284505208 0.07333333333333401 0.446197509765625 0.14666666666666803 
9 0.254817913373311 0.39287036966394495 0.1211979198455803 0.1107407393278899 
9 0.3291725019613902 0.4212964771412039 0.027238436539967856 0.0751848234953707 
8 0.37751824061075845 0.4363036049736871 0.04327093760172526 0.0741787521927445 
8 0.6142362467447915 0.49285536024305604 0.06298583984374963 0.0879929832175936 
8 0.784530778725942 0.5366175828156647 0.07910590966542562 0.10254469977484809 
