9 0.42181737263997404 0.5749825399893308 0.12113474527994773 0.2705206355342145 
12 0.19747093915939332 0.2430699383770978 0.09252183437347412 0.4861398767541956 
9 0.0737591552734377 0.5866071602150248 0.06397664388020795 0.16284395005967847 
9 0.11549738566080757 0.5829497528076175 0.06401560465494735 0.17015876487449297 
9 0.16423151652018267 0.582250244705766 0.06971303304036383 0.18320419311523303 
9 0.21172286987304717 0.5815117645263677 0.07625823974609318 0.2050605660897704 
9 0.2650042215983073 0.5778745213261363 0.08105010986328125 0.21815645005967782 
9 0.3366407267252607 0.5756750912136509 0.10151021321614641 0.24875758983470642 
9 0.5348040771484378 0.5720699423330803 0.14898315429687442 0.31710284762912294 
9 0.6801421610514324 0.5676900595205805 0.19236765543619755 0.38408382274486336 
9 0.8726300557454427 0.5669370213261353 0.2547398885091146 0.4612828968189374 
