12 0.10126627604166695 0.42360215928819495 0.0581966145833339 0.6403882740162047 
7 0.3998574829101566 0.690653242888274 0.09341003417968825 0.07511073924877025 
7 0.6703698674837748 0.6160105811225043 0.054108468691507976 0.0535181963885272 
4 0.4060417970021566 0.5169312477111816 0.07001307805379232 0.06267108917236328 
12 0.2666027943293254 0.4913180188779481 0.01888877550760905 0.2035619636818208 
12 0.15902822415033976 0.5156200974075883 0.014428925514221192 0.1480786641438802 
12 0.7594680786132812 0.4172414426450376 0.0186920166015625 0.12446769431785301 
7 0.46337584416071614 0.6632764215822573 0.06227252165476405 0.0638792320534035 
7 0.5164265394210815 0.691355797096535 0.09042245546976725 0.07932256062825521 
7 0.6309351782004039 0.6323891039247866 0.05646467606226603 0.051243774979202836 
10 0.5126823933919273 0.4483293547453707 0.47442687988281307 0.5796375868055562 
7 0.5819374140103661 0.6601001562895599 0.07074982802073085 0.06742253480134187 
