7 0.8257301211357116 0.5939733434606481 0.05115710099538167 0.03323025173611111 
12 0.28888871024052304 0.491571984467683 0.009182042876879374 0.12388470967610678 
12 0.9859384155273442 0.4666846098723235 0.013435668945313258 0.17083847611038774 
12 0.253553972641627 0.35398665180912725 0.039515578746795656 0.10114821681269894 
4 0.9305818518002827 0.5122276394455522 0.05765011310577393 0.056316534678141274 
4 0.8403685728708903 0.5186985068851047 0.0303007443745931 0.030781707057246456 
4 0.795311055580775 0.5272679858737521 0.03699051936467489 0.036728173715096936 
10 0.8215349324544273 0.485546880651403 0.2935968017578129 0.2577600662796579 
12 0.5970379638671877 0.46584005002622253 0.022278238932292044 0.22982824820059317 
13 0.1965662129720054 0.6579904203061704 0.01593007405598996 0.05367434466326678 
7 0.7195789813995361 0.5864523375475849 0.0415159543355306 0.029382539678502965 
7 0.7608979344367981 0.5862775361096417 0.043090017636617024 0.024135656710024232 
7 0.8829863707224528 0.5969463383709943 0.0602079709370931 0.0314812907466182 
4 0.169222895304362 0.5495199966430669 0.12936681111653645 0.16144740069353922 
