8 0.8965987650553388 0.5674128850301107 0.1939899698893233 0.16082403394911024 
10 0.5367968813578291 0.2087037037037042 0.9148437627156568 0.4174074074074084 
8 0.8060742139816284 0.41162096659342445 0.0843021551767985 0.07258365772388599 
8 0.613731340567271 0.41228480868869355 0.07792044480641683 0.07194374932183159 
8 0.20756311019261678 0.40151957052725334 0.07312182585398357 0.06260041130913628 
7 0.7238163948059082 0.3782703611585829 0.13600660959879557 0.058497464215313946 
7 0.5614864508310954 0.379489352968004 0.10365018844604493 0.05508511507952655 
8 0.4294152212142947 0.410457236678512 0.06997627576192163 0.06991259256998698 
7 0.31856316725413003 0.3741861979166667 0.10342068672180176 0.049732349537037035 
13 0.5488638331492742 0.2744198587205675 0.012673141558965047 0.08067203804298684 
