7 0.7501749674479167 0.5926423249421297 0.058892822265625 0.051238787615740744 
7 0.16976826985677082 0.6800586841724537 0.1118804931640625 0.06715042679398148 
7 0.23278477986653645 0.7437228732638889 0.16041005452473958 0.12282262731481482 
7 0.29446258544921877 0.6867730034722223 0.0805633544921875 0.08627387152777778 
7 0.3746673583984375 0.6674361617476852 0.07745564778645833 0.07224934895833333 
7 0.8172470768292744 0.5736574074074076 0.04647535483042399 0.046203703703703365 
10 0.44107691446940106 0.5557110821759259 0.8801549275716146 0.535279224537037 
7 0.5079264322916667 0.6099948459201389 0.07320760091145834 0.05205891927083333 
7 0.4991948445638021 0.6670952690972223 0.1018402099609375 0.0820240162037037 
7 0.6211044311523437 0.6295066550925926 0.0804718017578125 0.06640625 
