10 0.610063358147939 0.513591589751067 0.04643490314483643 0.10983472753454138 
10 0.472395836512248 0.4711975606282547 0.1246875063578282 0.1473954829463242 
7 0.46588362018267354 0.5227046754625109 0.020413073698678848 0.03252053437409578 
3 0.31655583222707073 0.4949074978298616 0.1425904242197665 0.043147967303241754 
7 0.40825428267319996 0.5254845751656426 0.018977437416712442 0.017543586095174153 
7 0.4323841055234273 0.5311075773945563 0.015276837348937988 0.018511451085408193 
10 0.4243042230606079 0.46825824313693576 0.07339075406392416 0.1322214197229456 
3 0.31393229484558133 0.44560320677580706 0.14786458969116154 0.06102122836642694 
7 0.49834999442100525 0.5270145433920401 0.02446386416753133 0.030953276598895036 
10 0.6735174079736074 0.5216364260073061 0.060798243681589766 0.1322214197229456 
10 0.5626443167527516 0.509918248211896 0.04053216377894084 0.0961928332293475 
