7 0.5532498534520466 0.5247222222222229 0.06889594713846824 0.03833333333333468 
7 0.47964441816012077 0.5288799314145687 0.03418466965357444 0.03813095657913739 
7 0.44312494913737005 0.5224699387726955 0.026562601725260985 0.03234764664261328 
12 0.8058152262369792 0.2903701895254631 0.08847371419270852 0.47870406539351884 
10 0.7945978343486786 0.43261765197471336 0.05287873347600301 0.04591021714387117 
12 0.3652146076162656 0.4207627402411567 0.012434016664822896 0.1243705325656467 
7 0.7318596770366033 0.48468451605902846 0.031102166573206583 0.021186523437501346 
10 0.49606781005859374 0.38638417561849026 0.24171854654947916 0.3266572401258667 
7 0.49697367747624716 0.5141631055761267 0.06572266419728597 0.03206427538836444 
7 0.4297874025503797 0.5184243728496414 0.028533138434091634 0.031848745699281374 
12 0.5841943114995957 0.4328074773152669 0.014119213819503785 0.0625496334499783 
