7 0.571351142724355 0.6621183466028284 0.0785767157872518 0.07026714748806423 
4 0.4490141630172729 0.5197656250000001 0.06818213462829589 0.0634317129629633 
12 0.2030035987496376 0.524510743882921 0.015412715077400208 0.14545522619176793 
7 0.5002767324447632 0.6937064382765028 0.10068875948588053 0.0829026045622649 
12 0.30111381113529206 0.4994251039293077 0.019833213090896605 0.2002210122567636 
12 0.8025749872128168 0.40805873870849607 0.01836408575375875 0.12709114639847366 
7 0.6778268118699392 0.6140582155298304 0.05997186104456584 0.0528885664763274 
7 0.5439526458581289 0.6331341079429346 0.054777443408966064 0.04663858625623881 
12 0.1012433369954427 0.4352389865451389 0.06470082600911459 0.6258183232060185 
7 0.6315668265024821 0.6340392624890363 0.05370066960652669 0.056227758195665146 
7 0.45611995458602905 0.6692562244556568 0.059027425448099774 0.0591848302770544 
10 0.5109112548828126 0.4535690646701394 0.4986983235677087 0.5813803891782418 
7 0.3895190397898356 0.6979186375935872 0.09950418472290039 0.08009472599735966 
