12 0.28711664835612016 0.3821079282407414 0.03399586995442784 0.4050434027777791 
4 0.08852062622706096 0.4814176153253626 0.04179141521453857 0.029382539678502965 
7 0.529124665260315 0.6054116408030192 0.08618003527323405 0.04323430591159397 
7 0.4446234107017517 0.606963062286377 0.09659341971079509 0.03807977040608724 
10 0.5592163594563805 0.436208411322699 0.4446920776367193 0.41634224220558314 
7 0.6234452644983928 0.5978964681978579 0.07819952964782714 0.035662004682752824 
7 0.5731254855791728 0.5867142677307129 0.07275955677032471 0.031430922614203556 
7 0.48761578400929767 0.5921548525492351 0.07581954002380371 0.0362664469966182 
7 0.40380643208821615 0.5954787907777009 0.08771947224934896 0.04412417588410554 
4 0.16478394667307536 0.4805780658015498 0.03234702746073405 0.039456551163284864 
