13 0.41358400384585065 0.44333010602880407 0.02246321439743042 0.054800764719645186 
10 0.47903645833333336 0.3549537941261574 0.31588541666666664 0.3400924117476852 
12 0.12137560943762461 0.4008527261239511 0.018298500776290895 0.14376455236364294 
7 0.45225708007812526 0.4994443540219907 0.0588191731770839 0.034444625289351855 
12 0.026101630926132203 0.42409099296287256 0.02393889824549357 0.0865735513192636 
7 0.364973855813344 0.4945833340397594 0.045260415077208904 0.031018519931368012 
12 0.7706614685058597 0.2742127821180559 0.09701039632161515 0.42694480613425995 
7 0.585863721370697 0.4949347149884261 0.060599716504414876 0.039019458912037376 
7 0.5165496317545575 0.5029918900242558 0.0634632364908858 0.03758461916888202 
7 0.593815702199936 0.45922400686475967 0.03222368955612183 0.018218340697111906 
10 0.5217680772145589 0.41806482738918727 0.04602028528849284 0.04385896612096716 
7 0.48205774227778114 0.49080285319575556 0.068318772315979 0.0344124193544741 
