7 0.6787723378340407 0.4004023498959012 0.05139884233474656 0.026405104884394893 
12 0.9196984354654949 0.2224998191550926 0.02581146240234394 0.35407443576388886 
10 0.7109894879659014 0.2957869522659874 0.26333334604899034 0.24916649712456462 
7 0.6276821899414065 0.40344771773726884 0.050052286783854545 0.02680826822916734 
7 0.7936332702636719 0.3891203703703704 0.05127512613932292 0.024537037037037038 
7 0.7448514588673907 0.39180555573216225 0.04720312118530216 0.022129629982841667 
7 0.7711215277512868 0.38631688665460656 0.044596978028615314 0.021592106642546478 
7 0.7181749959786733 0.3897841303436844 0.04080148935317993 0.021102910571628147 
7 0.6649905741214752 0.3957718557781643 0.04564073483149211 0.02228372891743978 
7 0.6171769618988037 0.3992558867843063 0.045166301727294925 0.020073911878797743 
7 0.15212778250376383 0.46089243712248623 0.082529083887736 0.0646143736662688 
7 0.06478943030039469 0.4912023742110646 0.09141052563985189 0.042034378051756804 
12 0.5204070250193278 0.2747008712203414 0.03902368545532227 0.14428925690827546 
