10 0.6025781250000004 0.39971679687500067 0.5260937499999992 0.4874182581018532 
4 0.42806211709976194 0.47067185861093025 0.05391170978546143 0.07345634743019387 
4 0.6052773118019104 0.4687039057413737 0.06965293089548746 0.09771416275589555 
7 0.7670298234621687 0.6032502001303218 0.10655964692433599 0.04853743729767875 
7 0.6610184303919477 0.6037864402488425 0.10141186078389429 0.04427897135416667 
7 0.5262741438547773 0.6085197046067985 0.10067328770955347 0.048891261065446764 
7 0.41903666178385446 0.6093786274945294 0.10286417643229223 0.048857081377947774 
7 0.7307743748029073 0.588347465020639 0.09468982219696045 0.038865792309796365 
7 0.6338983337084453 0.59126279619005 0.09168379306793213 0.042752371893988714 
7 0.5118080139160156 0.59286555007652 0.08992563883463542 0.0393516151993363 
7 0.41284088691075643 0.5932396376574481 0.09019389947255453 0.03819730193526657 
12 0.1278679296374321 0.35527558503327544 0.007280048727989197 0.2221180103443287 
12 0.3097941348950068 0.37844314575195315 0.022299247980117797 0.18014294659649885 
12 0.8911517759164175 0.2244881100124783 0.03966642618179321 0.14313492951569734 
12 0.9662239583333336 0.3390003684714985 0.06755208333333276 0.5017040789568858 
