7 0.3119733174641927 0.5758983470775463 0.07304636637369792 0.033350513599537036 
7 0.3159576416015625 0.6195791739004629 0.09529215494791667 0.05932255497685185 
7 0.4212107340494792 0.6145616319444445 0.04714762369791667 0.06345486111111111 
7 0.5961069742838542 0.6170699508101852 0.09114176432291667 0.05371455439814815 
7 0.527294413248698 0.6526344581886574 0.11288960774739583 0.07053765190972222 
7 0.721979268391927 0.6789605034722223 0.13447163899739584 0.08411458333333334 
7 0.7541859944661459 0.6357227466724537 0.10691324869791667 0.06197826244212963 
7 0.9339752197265625 0.6832456235532407 0.0298828125 0.087548828125 
7 0.4942576090494792 0.6228253399884259 0.06142578125 0.06758716724537037 
10 0.2958902994791667 0.4971652560763889 0.388311767578125 0.3378219039351852 
10 0.6575286356608074 0.5126852756076392 0.4893177286783858 0.4333331524884266 
7 0.19709116617838543 0.604674388744213 0.08732401529947917 0.0554859302662037 
