7 0.5079459746678671 0.6594749397701687 0.09963828722635905 0.04995031356811523 
7 0.46471981604894 0.6829317534411395 0.11652255853017171 0.05615756070172345 
7 0.3870577891667684 0.659475655025906 0.09774940808614095 0.0491108152601454 
7 0.2961555083592733 0.6594754166073269 0.09066611925760905 0.0440738077516909 
7 0.5844025111198424 0.6832752072369616 0.12182626247405987 0.05858745151095819 
12 0.949947814941406 0.33055564597800974 0.10010416666666609 0.6561109302662047 
4 0.7411401987075805 0.5141398684183758 0.08805330594380696 0.100316773873788 
10 0.40481791178385435 0.450487377025463 0.5796350097656254 0.5693956163194445 
7 0.22604823509852093 0.6836876911587187 0.10029389858245849 0.05885686379891821 
7 0.3275265614191691 0.6856740852638529 0.11134991645812989 0.06190372608326066 
