3 0.28757832845052084 0.3712001680444793 0.12640584309895833 0.13906700275562325 
3 0.26407259504000347 0.25951126663773166 0.04619837204615275 0.04227376302083367 
7 0.43543954690297443 0.42087958653767904 0.08894346555074056 0.057300984417950666 
7 0.26744173367818197 0.3089809947543674 0.03902368545532227 0.03206427538836444 
12 0.15561742146809934 0.21586624710648217 0.029806823730469507 0.15419343171296432 
7 0.4721628944079081 0.46865600303367333 0.08094586531321207 0.09694199738679109 
7 0.6877554138501485 0.46619914019549336 0.1180625041325887 0.08781639381691261 
7 0.5393459574381514 0.4819954695524993 0.07901641845703201 0.10380575391981336 
7 0.15948534806569417 0.30046903645550765 0.03896479606628418 0.03217360531842267 
12 0.03843449910481809 0.17865626723678024 0.018339335123698675 0.11363487243652344 
10 0.5216927083333336 0.38141265304000255 0.6610937500000006 0.5300489750614866 
