7 0.5086560058593752 0.6664350043402785 0.03445882161458371 0.06138925057870505 
7 0.515406745672226 0.6309324363425932 0.026680394013722738 0.036098090277779125 
9 0.0837704211473465 0.5294249305018672 0.013094431161880494 0.02550567697595667 
7 0.5131636778513591 0.6443552879050929 0.0288053830464681 0.03943757233796363 
7 0.6188232421875 0.6378580729166666 0.031402587890625 0.039876302083333336 
7 0.62967529296875 0.6544599066840284 0.0375244140625 0.05293203848379764 
11 0.23809123833974202 0.4994334680062753 0.14361513455708821 0.11605262756347656 
7 0.610322838028272 0.6286239412095812 0.02809705138206482 0.0390368002432364 
10 0.5796616617838543 0.44628824869791717 0.29442667643229187 0.5172383174189825 
7 0.2725782267252607 0.4609642170093678 0.011926879882813069 0.20063213772243924 
7 0.641017331679662 0.6706150273923522 0.04193049669265747 0.05956338811803714 
4 0.48862419923146566 0.519153665613245 0.08283514976501465 0.060164246735749424 
4 0.60339302221934 0.5218466370194047 0.09483739535013834 0.07695426940917968 
4 0.6998831490675609 0.5374820108766909 0.06040472586949666 0.06156341411449291 
