7 0.6537462925910954 0.6281479673032411 0.032075918515522515 0.05796332465277845 
4 0.6564849058787028 0.48602384991115993 0.0739469846089681 0.06262748859546803 
4 0.5731260220209757 0.49479051342716923 0.058954477310180664 0.04919474213211625 
11 0.3839719812075297 0.49370930989583334 0.09936282634735108 0.079248046875 
4 0.7484007318814595 0.4855957984924316 0.03623627821604411 0.04605596330430772 
7 0.5579878687858582 0.5888728035820855 0.022955107688903808 0.036728173715096936 
7 0.549947916666667 0.5989269994806363 0.028541666666667236 0.042853998961271386 
7 0.5389681895573933 0.6156901518503824 0.03344887097676595 0.05071985809891312 
12 0.40013857384522755 0.46460822070086444 0.011969449122746785 0.1527425554063585 
10 0.5851824951171878 0.4241116785120084 0.29973917643229225 0.5098900236906821 
7 0.5240138753255209 0.6333333954987708 0.043222249348958526 0.05592605025679876 
