7 0.6143469746907556 0.7485647243923613 0.025368550618490342 0.04194462528935219 
7 0.5327277700106303 0.7859397287721988 0.10233399868011475 0.03398702409532335 
7 0.64986878434817 0.8523350644994665 0.05560915072758992 0.11646845075819227 
7 0.545141589641571 0.7469446906337032 0.06770932674407959 0.04062874758685077 
7 0.5473418990770976 0.7354627467967846 0.06245723565419515 0.03684346234356915 
3 0.03511966069539388 0.7379606847409849 0.07023932139078776 0.04315227225974754 
10 0.2734293282032013 0.6692744308047824 0.035487806797027587 0.04672666832252785 
7 0.538650369644165 0.7733836986400463 0.08917207717895508 0.04397334346064815 
7 0.6080792864163717 0.729113914348461 0.020071943600972492 0.03415375462284795 
7 0.625683746735255 0.7798146339699079 0.03751149574915568 0.05481517650463064 
7 0.5271339575449626 0.8258255570023149 0.12141879399617513 0.07983036747685185 
7 0.5150719022750858 0.8751486813580548 0.1521229712168368 0.0977492579707393 
10 0.5631780497233075 0.6710185072157123 0.39010223388671933 0.5655555329499411 
12 0.36115376790364595 0.5011964699074076 0.10956746419270852 0.8857552083333337 
7 0.5427144169807434 0.7548682354114674 0.07636816501617431 0.03633875670256438 
3 0.7906056463718414 0.5951389612974944 0.05869949261347453 0.031772786599618415 
3 0.7583040475845337 0.6225398664121274 0.016396506627400716 0.03527070504647714 
