7 0.27343495686848956 0.6444602683738426 0.1107330322265625 0.05558901186342593 
10 0.6334635480244956 0.5120525896990734 0.5538020960489907 0.4474377893518505 
7 0.1854509989420573 0.7109130859375 0.15605926513671875 0.07802915219907407 
7 0.33554280598958336 0.6658804434317129 0.03987528483072917 0.0739501953125 
7 0.5035074869791667 0.700049732349537 0.13196207682291666 0.07802915219907407 
7 0.7281290690104166 0.6926549840856482 0.14171549479166667 0.0724193431712963 
7 0.7962615966796875 0.6597606517650463 0.07430013020833333 0.08210991753472222 
7 0.8917327880859375 0.6543032045717593 0.07057088216145833 0.0861888744212963 
7 0.6806513468424479 0.6352805808738425 0.0955291748046875 0.052529116030092596 
7 0.5079538981119792 0.6352805808738425 0.09724934895833333 0.04640932436342592 
7 0.42547760009765623 0.6648604781539352 0.026966349283854166 0.07701009114583333 
7 0.10303217569986979 0.6528749819155093 0.12220815022786459 0.052019133391203703 
