12 0.1918066406250001 0.40596726029007524 0.013365885416666856 0.13040059407552082 
12 0.006070062518119812 0.4121503971241139 0.012140125036239624 0.16769272133156105 
12 0.04065770109494527 0.4075200186835395 0.025775444507598878 0.2081534632930049 
12 0.685894446571668 0.3736718919542101 0.020794020096460978 0.2096159193250868 
12 0.48618146220843006 0.3945933836477774 0.010279591083526421 0.10358925572148076 
12 0.10663189391295115 0.41104578795256436 0.019879998763402303 0.15518076861346208 
12 0.3427922954161962 0.4102331797281901 0.014167354504267374 0.1218697159378617 
12 0.2816673219203949 0.41043708236129195 0.015766894817352294 0.13121306807906538 
12 0.2618346504370374 0.40190535651312936 0.016585967540740397 0.15802439936885126 
12 0.359587965408961 0.4012955418339482 0.01439586083094279 0.13649407845956307 
10 0.7707461039225261 0.43374837239583336 0.3079869588216146 0.32231807002314816 
7 0.7320410251617432 0.5489615934866446 0.10739768346150716 0.09986546127884477 
7 0.8145831298828128 0.5218889667369695 0.08625040690104223 0.08562906194616113 
7 0.8875099619229635 0.4988429175482856 0.07828225294748942 0.07349421183268229 
12 0.07035542527834575 0.3066756071867766 0.04264464775721232 0.41696992097077545 
