4 0.9664718627929687 0.5021669387817382 0.0670562744140625 0.07051226298014322 
10 0.5040883382161458 0.4635924840856483 0.689739990234375 0.6276298466435188 
12 0.2167006429036462 0.43667353877314813 0.035244547526042426 0.5035047743055555 
7 0.7177224731445316 0.6840846414919253 0.12747172037760493 0.06539150520607277 
7 0.6635618527730306 0.6645965152316623 0.1017239252726237 0.05281860916702836 
7 0.545507303873698 0.6731660436700891 0.0859832763671875 0.04967048433091906 
7 0.41899133125940957 0.6864579518636068 0.10723315080006918 0.059464659514250576 
7 0.2967060844103495 0.6976522516321253 0.11490671634674073 0.059464659514250576 
12 0.6754782104492189 0.48986979166666733 0.010085245768229356 0.14137152777777912 
12 0.0951476514339447 0.5268833089757848 0.010231419404347738 0.13606913531268083 
4 0.26229864557584126 0.5553359914709021 0.03333956003189087 0.027448965001989293 
7 0.43455571492513057 0.7091567498666269 0.129742736816407 0.06915804545084635 
7 0.28633605162302633 0.7223147243923618 0.14017189979553185 0.06814832899305691 
7 0.5951563008626304 0.6931525654262967 0.11822906494140663 0.06241913548222294 
