7 0.3824697208404544 0.6493770634686505 0.1047311083475743 0.05264771779378255 
7 0.7322955091794332 0.6291954870577212 0.1059535264968872 0.047382944601553456 
7 0.4929124673207601 0.6423585308922661 0.10299208958943686 0.051477767803050856 
7 0.6925869186719259 0.6158648349620678 0.09460783799489339 0.039934603373209636 
7 0.5971592823664348 0.6203682404977304 0.09427990913391113 0.04200420379638672 
7 0.4628718733787537 0.6289820865348533 0.07132480144500733 0.0393516151993363 
7 0.3731665889422099 0.6325091573927137 0.09378801186879476 0.041975056683575665 
7 0.6289321899414062 0.6327050173724139 0.0983856201171875 0.04270314817075376 
4 0.5411586821079254 0.501167875219275 0.05292791922887166 0.09900241710521455 
12 0.8107561866442362 0.25051226439299407 0.03706921736399333 0.1297029142026548 
12 0.23828893303871154 0.4192524168226454 0.023414210478464762 0.18329107496473523 
12 0.051073496043682096 0.4038477579752604 0.008027729392051697 0.23254179777922454 
4 0.3712813119093577 0.508769812407317 0.05853552420934041 0.0754968007405599 
10 0.565572916666667 0.4357407407407411 0.5316666666666673 0.4979629629629623 
12 0.9239632161458337 0.3629627821180562 0.0586360677083339 0.4933336950231495 
