7 0.7878164291381836 0.6993738245081018 0.1661693572998047 0.2554389105902778 
12 0.32599764317274094 0.36380027488425926 0.013938849171002706 0.14502495659722223 
12 0.39397750546534854 0.37984753361454715 0.012796319524447123 0.13405668470594617 
12 0.4064316773414613 0.37680095390037255 0.011196688016255507 0.12227595293963398 
12 0.9406612833340963 0.33728209601508247 0.03514235019683838 0.39661280314127606 
12 0.2533325026432673 0.361364096182364 0.014852871497472128 0.14746235035083913 
12 0.28897946576277417 0.3605509510746709 0.016223905483881633 0.18402327078360098 
10 0.6647135416666666 0.49324770326967593 0.6705729166666666 0.7736897786458333 
7 0.40077611287434917 0.7084004267939816 0.07157277425130246 0.2676435908564818 
7 0.5965571482976277 0.6611062085186994 0.14889432589213053 0.08725871333369502 
7 0.9264020284016927 0.7008353480586299 0.14719594319661458 0.2495891712330006 
