7 0.4822474479675293 0.4774518048321759 0.04782314300537109 0.0219482421875 
12 0.4807933350404104 0.3389749809547707 0.03699051936467489 0.15635707996509693 
7 0.5961072794596357 0.48609492549189864 0.05341044108072974 0.02558792679398249 
12 0.748306834300359 0.31207808883101884 0.03036407550175966 0.4086216001157414 
7 0.6540625000000001 0.48531863336209896 0.05802083333333315 0.02572805086771647 
7 0.5270425001780192 0.4856018518518525 0.05162324905395508 0.024907407407408756 
10 0.5647916730244958 0.37478569878472223 0.27291667938232345 0.2587619357638889 
7 0.4717846862475075 0.48449065031828736 0.05169416904449425 0.02490758825231549 
7 0.6484935502211253 0.4797910186979506 0.0510113517443339 0.022874138090345594 
7 0.5938953975836436 0.4786770741144816 0.048164737224578855 0.022671711886370623 
7 0.5375949402650197 0.47745875076011374 0.03710089127222697 0.020748664714671947 
