7 0.30237730344136554 0.592956089090418 0.07999162673950196 0.03340205086602105 
7 0.2184700091679891 0.5973444214573613 0.08459830284118652 0.039836774048981845 
7 0.46674116849899294 0.5638618098364936 0.06361844539642333 0.028566356941505715 
7 0.47973426183064777 0.5739450737282082 0.07012017567952473 0.03632692407678675 
12 0.10502690911293039 0.4396102198848018 0.007866318225860406 0.1916860792371962 
12 0.6348213688532515 0.38823377821180555 0.04058023770650152 0.3383472583912037 
7 0.403723931312561 0.5803796520939579 0.07406875292460123 0.03398702409532335 
7 0.3060555696487427 0.5817892745689109 0.06919325192769368 0.03701966603597005 
7 0.3982861300309499 0.5688174371366148 0.06443826754887899 0.026234411310266565 
4 0.4431796967983246 0.4870536450986509 0.06296258370081584 0.06704348811396846 
12 0.5131198644638062 0.36422560656512226 0.027896833419799805 0.07186122470431858 
12 0.6569901049137116 0.31944506256668653 0.025906479358673094 0.0944438722398546 
10 0.340518239339193 0.44486011081271754 0.3963593546549485 0.3613868882920997 
7 0.22923804918924967 0.5877645580856888 0.07329238255818685 0.03731116188897027 
