7 0.519467834631602 0.5134868409898546 0.06351350943247477 0.0692588382297092 
7 0.5771966238816579 0.5264987309773763 0.05997186104456584 0.07765385663067853 
3 0.08944161335627238 0.41685993406507704 0.10176327228546142 0.0428145585236726 
7 0.5378906242052717 0.5402169835125952 0.0999479150772089 0.08061842883074591 
7 0.4372601318359377 0.5104204644097224 0.07829223632812538 0.06452944155092626 
9 0.3701165457566579 0.486587542074698 0.05922418038050334 0.06471154248272931 
13 0.9549540201822917 0.5386737258345993 0.09009195963541666 0.4212710627803096 
10 0.5130484008789064 0.42458350570113573 0.31098653157552103 0.32509293732819733 
3 0.5817186482747397 0.46423339631822325 0.2471877034505212 0.10105793846977981 
11 0.35060250759124756 0.36968020686396846 0.19464882214864096 0.22465048895941842 
3 0.01467568874359131 0.40888453059726293 0.02935137748718262 0.030222041518599897 
