7 0.605309005578359 0.6485348772119592 0.12240593433380127 0.05966741067391855 
12 0.47105364898840585 0.40421130568892866 0.018298500776290895 0.10913514031304253 
12 0.15867879231770843 0.43148410231978807 0.014517415364583524 0.1989617665608724 
12 0.9056507364908858 0.42256897113941333 0.016719360351563257 0.1909025545473452 
12 0.9591986676057179 0.28833231749358 0.030316483974456788 0.12391036704734519 
7 0.7152304967244466 0.6270287460751004 0.1099877675374349 0.0503700644881637 
7 0.6014845212300618 0.6248955391071461 0.1017239252726237 0.051069651709662545 
7 0.46404911677042643 0.6217470292691831 0.0979855219523112 0.051069651709662545 
7 0.3577012181282043 0.6198237895965576 0.10290447076161703 0.04862110349867079 
10 0.5326042683919273 0.41121220341435255 0.6502081298828131 0.5810941116898162 
4 0.6770531177520752 0.4915280335037803 0.08691873550415039 0.09064865960015056 
7 0.3221958955128988 0.6415154139200846 0.12477509180704753 0.05545559635868779 
7 0.4447993596394857 0.6450249707257306 0.12043164571126302 0.061071353488498265 
7 0.7407848715782166 0.657801342010498 0.13069795767466227 0.0638792320534035 
