12 0.18107190057635308 0.3633556365966797 0.00787032296260198 0.2203690422905816 
12 0.020663077135880788 0.4081291198730469 0.01629156768321991 0.24387506555627894 
7 0.7508926510810852 0.5942065150649459 0.09526369571685792 0.0393516151993363 
7 0.653743569056193 0.595226980138708 0.09182043075561523 0.04022609569408275 
7 0.5320813377698262 0.596392857586896 0.08854113419850668 0.040809080335828994 
7 0.6750754801432294 0.6098612919560192 0.10214070638020871 0.04953667534722357 
10 0.6180208841959636 0.40421278211805556 0.5176040649414062 0.4712040653935185 
7 0.7820312515894575 0.6087809280112938 0.1063541698455803 0.04504304815221716 
4 0.6541133920351664 0.47482109776249637 0.09377874533335367 0.09652081242314091 
7 0.5427308519681294 0.6093691281919131 0.09871447086334229 0.045034552680120514 
7 0.43626307169596384 0.6111364293981482 0.09966135660807349 0.04624565972222222 
7 0.43489954074223836 0.5966550827026367 0.08837716579437256 0.040809080335828994 
4 0.46752816836039224 0.47590340508355033 0.04727659225463867 0.07214462845413773 
12 0.9470437029997508 0.22981064407913773 0.040663333733876546 0.14428925690827546 
