7 0.3968227783838908 0.46047809247617416 0.04398735364278158 0.033363592359753766 
4 0.09581763943036398 0.35894256521154333 0.06137303113937378 0.037246386210123696 
10 0.4565269978841149 0.31742857191297674 0.2466335042317714 0.3331897537796572 
7 0.4289088358481725 0.45503848676328373 0.030848270654678343 0.033410306859898105 
7 0.47471354166666707 0.4625925929458053 0.04161458333333409 0.03537037107679579 
12 0.19632792135079694 0.2579156720196764 0.028489582935968847 0.4254649522569455 
12 0.15936406274636566 0.31554235387731533 0.012269588708877184 0.1787301070601862 
4 0.2531953533490499 0.3566916232638892 0.06283907095591228 0.052727864583334005 
12 0.01668986002604195 0.3177310293692135 0.011724446614583902 0.14379720052083433 
7 0.5223698425292971 0.4498148141083894 0.02682281494140663 0.030185183772334347 
4 0.30087030728658043 0.36610797776116266 0.030079237620035806 0.031038655175103083 
4 0.15608247816562654 0.3608793470594618 0.021729165315628053 0.028339640299479166 
