10 0.7280285517374675 0.5112197875976563 0.28831825256347654 0.31370476616753473 
3 0.45882802327473987 0.42552499064692745 0.2904689534505214 0.17604998129385488 
7 0.8660204609235128 0.6760521924054181 0.11154735088348389 0.06961198029694733 
7 0.7692798137664795 0.64290978996842 0.06942917505900065 0.0423010614183214 
10 0.8705468750000004 0.516732324670862 0.2589062499999992 0.40365055790653903 
7 0.6682070382436118 0.6349362599408188 0.06953907648722293 0.05005770506682152 
7 0.7676352620124817 0.6157997767130534 0.07271966139475504 0.05791248745388455 
7 0.9605208333333337 0.6468037958498354 0.07895833333333258 0.07663168024133753 
13 0.19390534857908884 0.5807600911458335 0.017951891819636027 0.06459092881944478 
3 0.4553325907389327 0.5579260684825756 0.2923556518554695 0.12140769252070674 
7 0.8445202747980753 0.6576706321151168 0.07720786730448405 0.048271313420048464 
