7 0.4146146138509115 0.5488580558918144 0.06516672770182291 0.04456796363547929 
7 0.24322804768880246 0.5667368355503792 0.07750223795572993 0.046992189619275586 
7 0.38032953898112015 0.5405239991788516 0.0670132446289055 0.03604799835770117 
7 0.6582470049460729 0.4967214045701204 0.02486803332964579 0.022104918515240705 
7 0.6234045286973318 0.4936858477415862 0.04317746559778849 0.017489606362802012 
7 0.582276479403178 0.5018227144523904 0.047003316879272464 0.022590741404780634 
7 0.6351554969946543 0.5014585300728127 0.029240437348683677 0.024291119752106842 
10 0.4099257914225262 0.40393192997685134 0.562127583821615 0.3980494068287027 
7 0.8150520833333336 0.564305554142705 0.06343750000000056 0.0680555527298532 
7 0.33814707438151054 0.5651602296476018 0.08162251790364602 0.05272786670260825 
