12 0.031900869806607564 0.2021430050885236 0.017352968454360962 0.1046947196677879 
4 0.5657291674613953 0.30176314742476884 0.06781250158945701 0.07554777922453772 
10 0.4632293701171875 0.2318514901620372 0.437603759765625 0.3957414641203707 
7 0.32585225582122823 0.4033550947683832 0.08639201164245568 0.03689537472195028 
7 0.4130989583333336 0.4026239098442922 0.08296875000000056 0.03543264318395477 
7 0.6070052075386049 0.40203571672792787 0.08151041507720909 0.03368478704381872 
12 0.8107659800847372 0.12532243022212275 0.030281960169474095 0.10598701900906032 
7 0.41861190398534137 0.39088518178021464 0.07105152606964112 0.029392253028021918 
7 0.34012760321299235 0.39247586709481713 0.07394824028015137 0.032914697152596595 
7 0.5925379912058513 0.3903993253354673 0.07173471450805664 0.02914934511537905 
7 0.5159665981928507 0.3891850577460395 0.06982178688049316 0.026963142112449365 
12 0.2399684143066409 0.21761076750578753 0.008396504720052652 0.1616303168402788 
12 0.09911524454752604 0.2467752527307581 0.015576680501302084 0.18305788393373842 
7 0.5208215196927388 0.4025223943922255 0.07924578189849854 0.035634704872413915 
12 0.7578885992368062 0.24114736627649377 0.0186417818069458 0.16090801380298755 
