7 0.9833028157552083 0.3321545812818739 0.03339436848958333 0.03701966603597005 
3 0.3008245849609376 0.4612499095775463 0.2567883300781252 0.17194462528935187 
10 0.15694257418314617 0.4826656765407986 0.31388514836629233 0.5850723831741899 
7 0.8597204645474752 0.4327939863558169 0.034566458066304526 0.0483552614847819 
7 0.8234544456005096 0.4547041098276774 0.046466386318206786 0.0549033730118363 
7 0.7813797275225322 0.48341542703134044 0.04901637236277263 0.0629625814932364 
7 0.7210302790006001 0.5128822503266511 0.05071636041005453 0.0715254960236726 
7 0.5725643237431844 0.5214447798552336 0.07281622886657715 0.0423108560067636 
7 0.6625223239262898 0.5589703383269133 0.07423288027445475 0.07605880454734519 
7 0.4828899463017782 0.5864221149020725 0.08896613121032715 0.09469571996618201 
7 0.5693064371744792 0.6121110880816424 0.0861328125 0.0936883219966182 
12 0.3612624247868856 0.5 0.2165820598602295 1.0 
10 0.6543487548828125 0.43221448545102786 0.638177490234375 0.5710956375687197 
