7 0.6323742190996806 0.3486213211660032 0.03503754138946533 0.012864025433858235 
7 0.5469183206558228 0.3576258111883093 0.06625078519185384 0.019300739853470413 
7 0.60019304951032 0.3538689825269911 0.02932490110397339 0.017264874776204427 
7 0.26001063028971366 0.394320801275748 0.05352040608723977 0.04401197292186562 
7 0.09767083724339803 0.4258053214461715 0.07312182585398357 0.057549589651602284 
7 0.5318432211875915 0.3569204860263401 0.06281262238820394 0.020711270085087528 
12 0.39153075714906055 0.2602714185361509 0.029185781876246136 0.12242724100748698 
12 0.7124632263183595 0.24307861328125 0.014761047363281439 0.22402795862268518 
7 0.16380385955174764 0.424630520078871 0.05840605894724528 0.03363604015774197 
7 0.21780132850011188 0.41459445865065964 0.050779048601786295 0.029056900518911855 
10 0.57527826944987 0.28806152908890303 0.17892262776692766 0.16834672715928753 
