7 0.40088541626930263 0.4686541984699387 0.06395833253860417 0.03693766487969225 
7 0.27601567586263037 0.4789814814814817 0.07369781494140663 0.038518518518518854 
7 0.2240625508626304 0.49055555555555574 0.027604064941406627 0.04500000000000034 
13 0.06611979007720947 0.4329165762442135 0.13223958015441895 0.19490758825231583 
10 0.2787709554036458 0.3849276620370372 0.213433837890625 0.25855902777777745 
10 0.5251948038736979 0.37115297670717595 0.21113789876302083 0.2279685691550926 
12 0.793909200032552 0.25829083478009257 0.040735880533854164 0.3957573784722222 
13 0.6184474001328151 0.4347220413773155 0.01577867070833842 0.034074435763890236 
10 0.4095850626627604 0.3589133933738426 0.16810811360677083 0.27896864149305556 
7 0.566416456302007 0.45689832899305555 0.04585374593734741 0.034351490162037035 
7 0.5116927083333337 0.4556712862297336 0.050572916666665906 0.029305897112244902 
7 0.4768311055501305 0.46587944878472254 0.04196278889974015 0.03620406539351919 
7 0.3373438008626304 0.47968032730950233 0.036458231608073294 0.04250952614678243 
