7 0.5766982106367744 0.3927327904877841 0.03537579139073633 0.03342854393853048 
10 0.6251413981119792 0.2985292787905093 0.193353271484375 0.22031882957175927 
10 0.5159861246744791 0.2954674840856485 0.14372355143229168 0.25295392071759326 
7 0.35703718384106936 0.41629638671875 0.023240830898284534 0.038703522858796295 
7 0.5078645833333335 0.3947686089409722 0.05947916666666705 0.0336109302662037 
12 0.8881770324707035 0.1857867064299407 0.031250101725260986 0.3715734128598814 
10 0.40132293701171873 0.3271407515914352 0.17757466634114583 0.22031882957175927 
12 0.06489583412806231 0.23908044320565683 0.05333333492278977 0.4751462018048322 
13 0.20466156005859376 0.37505787037037036 0.15854390462239584 0.17501627604166667 
7 0.662883570194244 0.3814816623263891 0.04149590015411301 0.032592230902778116 
7 0.6089101664225264 0.38041675708912037 0.054367167154948486 0.02805537471064815 
7 0.452005310058594 0.40620361328125015 0.028593546549479733 0.03592610677083367 
7 0.402464446226756 0.4064688032644763 0.06044972578684451 0.03571502261691556 
13 0.7145833335320158 0.35852981355455155 0.014270833730697064 0.03150370986373269 
