10 0.17513221104939777 0.44130412914134837 0.35026442209879555 0.6617785418475116 
7 0.621405033270518 0.6114964273240832 0.09955139954884847 0.09429276784261068 
7 0.8155783454577128 0.49671321091828524 0.05031969547271729 0.05500411280879268 
7 0.7057585279146831 0.5529255849343759 0.07887952327728272 0.05863075609560366 
7 0.8546668330828349 0.47798853273744935 0.04394263426462809 0.05392628422489873 
3 0.30172587076822927 0.4744809722900392 0.2706107584635419 0.17470268532081853 
10 0.679083506266276 0.3951853660300929 0.6418329874674479 0.6248144531250007 
13 0.4199903945128123 0.6596098158094618 0.04215974410374959 0.22364309805410879 
3 0.8508854158719382 0.30075122974537105 0.06302083174387577 0.04460865162037172 
7 0.7679782172044118 0.528144140596743 0.06255962451299031 0.06830180839256005 
