7 0.30975504716237384 0.6568690413015862 0.08513509432474772 0.055219564084653165 
7 0.24764501094818125 0.6404797010068537 0.06810252189636211 0.05281270062481848 
7 0.15792958577473967 0.6459247617368352 0.07356750488281232 0.05407174569588986 
10 0.756588592529297 0.5378397962782114 0.29838531494140647 0.435495854130497 
10 0.33624216079711905 0.5372686993634261 0.2666513951619464 0.3237959346064818 
10 0.19049942016601543 0.53847240306713 0.2568319702148434 0.28916630497685253 
10 0.5188280232747398 0.5378434075249566 0.27401062011718785 0.3729090372721354 
7 0.7443713402748112 0.6908195954781992 0.1232218472162875 0.08071326503047237 
7 0.8325153605143228 0.6768680438288938 0.036800944010416475 0.0766990506207498 
7 0.6963464864095054 0.6688154729207361 0.04761952718098996 0.07059390880443364 
7 0.5007414245605469 0.668812940385606 0.09877451578776023 0.06855035993787877 
7 0.48568328857421883 0.6536107564855507 0.058425089518229355 0.06259188334147102 
7 0.40255340576171883 0.6501833852132163 0.05853902180989602 0.06129269635235788 
