10 0.4879427146911624 0.42065583405671314 0.3328645960489903 0.5736883318865744 
4 0.5642434159914652 0.497521116468642 0.0923967440923055 0.07967186256691161 
7 0.5651410436630253 0.664541073551885 0.04132375399271571 0.06741548043710113 
7 0.4188260396321615 0.6699535228587963 0.049847920735677086 0.06842628761574074 
4 0.6752858201662699 0.5050537886442962 0.049052882194519046 0.05999907034414786 
7 0.4514052311579386 0.6173515884964554 0.029786984125773113 0.040566168891059025 
7 0.4435485859711965 0.6327765464782715 0.03456929922103882 0.05101135395191334 
7 0.4324811458587646 0.6478847309395119 0.03948825200398763 0.05514084498087565 
7 0.5528888235489527 0.6105889691246881 0.026398374636967977 0.03410473223085757 
7 0.5562498937050502 0.6261832484492549 0.029185781876246136 0.048387908935546876 
7 0.5606771369775136 0.6368420056943546 0.03213715155919393 0.041646974351669995 
12 0.2259720504283905 0.4595536055388274 0.017472461859385172 0.2070810247350622 
4 0.4573952356974284 0.5032420935454192 0.08339398701985677 0.06317725711398654 
9 0.034201665719350176 0.5454400433434381 0.014428925514221192 0.028566356941505715 
12 0.026417215665181477 0.4131668161462854 0.01992630958557129 0.06337066932960793 
11 0.1950189193089803 0.5044747034708659 0.14636209805806477 0.11731529235839844 
12 0.6595470761259397 0.4197477411340784 0.01416658063729604 0.0654810870135272 
