7 0.6701665242513021 0.6186636465567129 0.12384745279947916 0.07053765190972222 
7 0.7982467651367188 0.6711986400462963 0.06723531087239583 0.11953125 
7 0.1133527676264445 0.5760649052372687 0.07410136858622234 0.04527759693287071 
7 0.10388010819752982 0.5999074978298613 0.10171875317891382 0.06425907841435219 
7 0.19629135131835937 0.6092981409143519 0.09919382731119791 0.06788194444444444 
10 0.2744481913248696 0.46000479239004627 0.36599945068359335 0.3613217954282407 
7 0.5054244995117188 0.6408533166956019 0.0848052978515625 0.09468948929398148 
10 0.6384236653645833 0.42506013093171297 0.5070780436197917 0.5220332392939815 
7 0.3667957560221358 0.6227760597511575 0.09671651204427008 0.0831298828125 
7 0.33470611572265624 0.5861300998263889 0.08840230305989584 0.05066550925925926 
