12 0.255731999874115 0.3934153097647208 0.01942298412322998 0.17264876189055267 
7 0.8240257819493612 0.5519474806608977 0.130019744237264 0.1194729416458695 
12 0.31047027309735614 0.4019462514806677 0.015515538056691487 0.13690031546133535 
7 0.9232749978701273 0.5277900519194426 0.11154735088348389 0.10418398115370009 
7 0.5931205113728841 0.6145011393229172 0.1357323964436849 0.16414586950231583 
7 0.7647283991177877 0.5649467680189345 0.12842021783192953 0.13247238441749856 
10 0.6964206949869796 0.44397008825231515 0.4596586100260424 0.5013190827546303 
10 0.9099099731445316 0.42175187004937065 0.17851338704427158 0.38503477308485246 
12 0.21174461742242176 0.3984933499936704 0.01553838849067688 0.13649407845956307 
12 0.4463053002953529 0.3816345426771376 0.013024825851122539 0.12715074044686778 
