7 0.29129561185836794 0.6936638125666865 0.11097155412038168 0.04792151980929905 
7 0.4046481211980184 0.6874560974262379 0.10198626518249512 0.05450927239877206 
12 0.5817848359545071 0.5042619182445387 0.008334890007972717 0.13333865130389144 
10 0.4977083396911624 0.4762908709490746 0.5977083460489904 0.5831589988425936 
12 0.18760416666666704 0.43662018952546294 0.03250000000000076 0.4925003616898148 
7 0.5726138051350915 0.6957771672142876 0.1109567769368482 0.05615756070172345 
7 0.5208137114842732 0.6759992157971417 0.08244163195292155 0.0440738077516909 
4 0.12217685381571451 0.553289388020834 0.022818470001220705 0.023791594328705052 
4 0.15105325380961102 0.5507202642935294 0.038030783335367836 0.02874449270742911 
4 0.9546686947345734 0.5317982691305655 0.051648994286855064 0.04168356083057545 
4 0.8548301021258037 0.5245398945278592 0.09129574298858642 0.06576092331497757 
7 0.3027901697158815 0.7209779951307509 0.1308928394317623 0.06528317486798321 
7 0.43645014444986996 0.7070794458742495 0.1189747111002608 0.06668710355405454 
7 0.6251937866210937 0.6712771645298711 0.082244873046875 0.0472219361199273 
7 0.6795833841959639 0.6887579652998183 0.10791656494140701 0.05756150351630317 
