10 0.5710938517252605 0.4276256872106488 0.3006247965494794 0.5195634403935199 
12 0.29037221272786456 0.4589422381365744 0.011443074544270833 0.16304144965277845 
7 0.5863537708918254 0.6019486515610306 0.02636558214823405 0.0440738077516909 
7 0.5957983990510305 0.6091189137211552 0.03659700155258179 0.043024430451569735 
7 0.6118338863054912 0.6218952546296299 0.04269649982452393 0.042690972222222894 
4 0.6468243519465129 0.50920724162349 0.04131919542948405 0.046638947946053964 
12 0.13105829954147338 0.41529730690850153 0.01625986893971761 0.05052553106237341 
7 0.49677878320217134 0.6457405598958337 0.030634389321009318 0.061667028356482155 
4 0.46554104884465536 0.5052087854456019 0.060599716504414876 0.046989836516203705 
7 0.6297934504350029 0.6471057665789566 0.04469106753667139 0.06421117146809828 
4 0.558360238869985 0.5031875398423936 0.08226206302642822 0.062446043226453994 
