7 0.5173437500000001 0.6204502155162664 0.047083333333333144 0.057011903833458916 
4 0.6012023111184438 0.4758292526668979 0.05843896468480428 0.047214060889348694 
4 0.07562385996182759 0.5258132263466164 0.03194535175959269 0.02966103023952908 
7 0.6414583325386047 0.6146760163483797 0.03395833174387614 0.05953685619212963 
11 0.4118625561396281 0.4796209441290961 0.10034661293029785 0.08132666835078486 
4 0.6910325328509013 0.46886558532714845 0.08884301980336508 0.06114154391818576 
7 0.5522161245346069 0.5856950724566424 0.030333534876505534 0.042558041325321906 
7 0.5632021049658458 0.5741807972943341 0.027054234345753988 0.03643668139422381 
7 0.535819927851359 0.6014649620762578 0.03902368545532227 0.04926238943029333 
12 0.42707789887984593 0.4504537299827293 0.01042817731698354 0.14936123600712528 
12 0.16158546060323714 0.4867547423751266 0.0069457421700159705 0.104046955815068 
10 0.5732047526041668 0.4119255461516205 0.297027994791667 0.5059637225115744 
