8 0.39925039211908975 0.3385508519631845 0.045333059628804524 0.0221628295050727 
8 0.7141163875659307 0.32610991177735504 0.02634984056154887 0.01863692424915455 
8 0.6376169840494792 0.3326575923849035 0.02691650390625 0.02266653025591815 
8 0.477874755859375 0.33829895390404596 0.03768310546875 0.02065172725253635 
8 0.13115510145823162 0.34509769722267436 0.08078351020812988 0.03394539444534867 
8 0.30235113898913063 0.3390547902495773 0.04873303969701131 0.02820723674915455 
8 0.25177641908327736 0.34182490596064813 0.054683005809783934 0.0287109375 
7 0.19461859067281087 0.6983513584843388 0.2582750638326009 0.22044041951497395 
7 0.7148524185021718 0.45288242057517725 0.057629438241322835 0.06213239034016927 
8 0.20067829092343648 0.34118070602416994 0.054345269997914634 0.03133421297426577 
10 0.8716856161753337 0.27075837311921347 0.09493576685587565 0.06644621672453804 
10 0.49645848592122427 0.37149858262803853 0.5396871948242193 0.559293461552372 
8 0.550209500392278 0.3366937934027781 0.031166477998097738 0.018649450231482154 
8 0.5827929576237997 0.3339166535271539 0.03853309949239095 0.0211554280033818 
8 0.6126839617888132 0.3346730611942433 0.023516523838043212 0.02165912875422725 
