10 0.5753127002716061 0.35518554687500065 0.22885416030883712 0.32092520254629764 
7 0.5660688781738282 0.49180555555555605 0.0710914103190106 0.0326851851851862 
7 0.5056249994039538 0.4846321644606414 0.03239583214124006 0.03407914373609755 
7 0.5255989583333336 0.4756878466076319 0.02796874999999943 0.031746786965263875 
7 0.5886090087890626 0.4764854614822954 0.05892781575520871 0.027785737779405045 
7 0.5900697827339172 0.44980894018102574 0.017639565467834472 0.018136398880570025 
12 0.10863336523373922 0.3020053157099971 0.04585152864456177 0.37700144449869794 
7 0.4256522297859192 0.44221764582174794 0.02951490879058838 0.017708946157384803 
7 0.6338298598925273 0.4460661322982223 0.035582693417867024 0.017880962513111255 
7 0.6255729174613957 0.4516071701049803 0.039791668256123104 0.018770619145145787 
