13 0.4320268702507022 0.58316538422196 0.021032907168069905 0.0528885664763274 
7 0.2735097686449687 0.6964098665449354 0.088448166847229 0.050541810636167174 
7 0.6111132899920145 0.7178197507505064 0.050541806221008304 0.11863284640842015 
7 0.7966960231463115 0.7115016478079337 0.08607901732126871 0.11722891772234881 
7 0.444815114339193 0.7230840047200521 0.060682271321615154 0.11793088559751157 
10 0.7505579121907554 0.5094442635995375 0.47200917561849 0.6640744357638899 
10 0.3026831563313806 0.5339351738823788 0.429425354003907 0.629537014431423 
7 0.7301628510157268 0.7539705982914677 0.1828191916147868 0.1052954355875651 
7 0.32109004656473794 0.7616923190929271 0.17334260940551757 0.1123151214034469 
12 0.2703309122721355 0.3849895109953709 0.04746317545572935 0.6213172743055566 
