11 0.3972102959950765 0.3591023056595414 0.1745322863260905 0.2568873370135272 
7 0.445816335678101 0.4774970160590278 0.07767433802286708 0.06537091290509259 
7 0.5098807255427042 0.5050393175195764 0.10858591397603352 0.08340762809470847 
9 0.4035000205039978 0.4552813847859701 0.059027425448099774 0.0629625814932364 
13 0.8328458865483602 0.4857537163628472 0.11985335350036622 0.5253702799479166 
3 0.5979689534505213 0.43008219259756636 0.19666625976562577 0.09664586667661212 
12 0.14962379733721415 0.25245910927101417 0.053379674752553306 0.25205182675962096 
12 0.0889343798160553 0.29023560418023003 0.04419973293940226 0.15231908162434896 
7 0.5724838256835938 0.49165852793940856 0.0480926513671875 0.07702075958251818 
10 0.5110817972819012 0.3849077690972216 0.28524342854817725 0.33481481481481346 
3 0.21093739827473995 0.3972220413773155 0.07645853678385492 0.03777813946759394 
