4 0.5868560711542765 0.5179917618080422 0.0914754072825114 0.07312183380126953 
10 0.5548699951171879 0.4388584165219914 0.30213500976562574 0.5285794632523162 
7 0.6078142921129862 0.6494472976967144 0.036072309811909994 0.0466723731712052 
7 0.5978447089592616 0.6365783585442437 0.03108777403831482 0.04547297866256149 
7 0.590662744641304 0.6243178480642815 0.028136402368545532 0.03641347390634009 
7 0.48972604274749754 0.6428673864293984 0.02971046765645345 0.04056152343750068 
7 0.4929726312557856 0.6301067740828903 0.02833316127459208 0.0346294191148546 
7 0.4957271377245585 0.6201380323480676 0.024398001035054524 0.030781707057246456 
12 0.25291666666666685 0.45796873869719296 0.01312500000000038 0.20353151674623776 
4 0.4843410750230153 0.5159448164480703 0.056300151348114016 0.05966741067391855 
7 0.6187318587303158 0.6687500904224543 0.04225497722625657 0.06027759693287138 
7 0.4841406246026357 0.668468358075177 0.03651041587193807 0.06360410619665041 
11 0.22062249183654786 0.48930892237910517 0.14072415033976238 0.1057771329526548 
9 0.06145305186510086 0.5306801760638201 0.012638973196347554 0.027934787891529225 
