13 0.7316665657361345 0.42773093894675945 0.058333334922789956 0.11231589988425959 
7 0.6507553609212242 0.46722222222222254 0.01598927815755265 0.04055555555555488 
7 0.5582146346569061 0.4600713433159727 0.05847842295964559 0.03041286892361212 
12 0.17154699961344402 0.2625038429542824 0.1253368377685547 0.5250076859085648 
7 0.6375110427538554 0.4607029482170388 0.06115896701812744 0.029440835670188622 
7 0.501091793179512 0.4673927589699074 0.03164525628089905 0.03465892650462963 
7 0.42501450379689537 0.4616213745541043 0.05638378461201986 0.028774794825801142 
7 0.3796870152155558 0.4689419410846852 0.040143887201944985 0.03749687406751845 
7 0.49576335549354555 0.4615772388599537 0.05378053585688273 0.02769187644675926 
10 0.5077865600585938 0.32893518518518516 0.3359893798828125 0.32916666666666666 
7 0.5222134908040365 0.4673768273106328 0.03161468505859375 0.034191226959228514 
