7 0.531016406416893 0.6879631438078705 0.029258968432744344 0.05296260127314849 
13 0.7524401535590489 0.5917915556165907 0.03161980907122294 0.14385691042299623 
13 0.9864178550243381 0.64138407530608 0.026689876715341634 0.061703335797345195 
10 0.16436573664347331 0.5773373356571904 0.19748147328694662 0.28245244909215855 
10 0.810638631184896 0.5627140355993199 0.23205607096354205 0.3122806464301212 
10 0.5844213294982907 0.5718820586027926 0.2148835118611648 0.29617152461299123 
10 0.3700087372461951 0.5771294346562138 0.20210040092468187 0.28574035079390914 
7 0.39230623841285706 0.6854723223933468 0.050249683856964114 0.04421215057373047 
7 0.2433367629845937 0.6901651400106924 0.05244704484939575 0.05087426150286639 
7 0.2083329757054647 0.6868342699827972 0.033232927322387695 0.043000860567446106 
7 0.07420046130816142 0.6719960565920229 0.0599589467048645 0.05117708135534216 
7 0.1491891900698344 0.6907407407407408 0.06637561321258545 0.05 
7 0.7645751555760701 0.690082555700232 0.09835909207661947 0.050945999710649156 
7 0.8447796801726023 0.6886399728280527 0.05058129231135051 0.05320587158203125 
7 0.5987240091959639 0.6885398582175926 0.10505198160807368 0.05347583912037037 
7 0.43638793547948185 0.6888887080439822 0.03767150084177615 0.050741102430556906 
7 0.337103271484375 0.6875450974923599 0.04871012369791667 0.056756861651383925 
12 0.036458333333333336 0.4732409215856487 0.046875 0.49944408275463065 
