10 0.724801228841146 0.46148149278428885 0.4301892089843752 0.39907409667968613 
4 0.8113368233044942 0.5184849845038519 0.07579356034596761 0.08241629423918548 
12 0.9103491524855296 0.3864879820081923 0.0367281715075175 0.08511608265064381 
4 0.06113860209782918 0.43866052274350764 0.08490944703420003 0.0649078510425709 
12 0.3848902518550555 0.4220505608452691 0.014264960090319316 0.15215957076461226 
12 0.4946155215303103 0.40709652370876737 0.009509973724683126 0.14428925690827546 
7 0.5839434305826823 0.5683807911696257 0.06542205810546875 0.027983370533695928 
7 0.6558423240979513 0.5787430021497938 0.06984911759694418 0.030635960896809897 
7 0.7541390538215638 0.5977042922267207 0.07362031141916911 0.038185638851589626 
7 0.8371880769729614 0.6109682436342593 0.08165459632873535 0.04430700231481482 
7 0.7592482280731204 0.6076579878065322 0.08380895614623966 0.04753819783528612 
7 0.57227783203125 0.579225563119959 0.07471516927083334 0.039404540591769746 
7 0.6511265595753988 0.5913132392035592 0.07885732650756835 0.04447833025896957 
7 0.8528880620002748 0.6226910795988867 0.0921302906672158 0.048345122160733604 
