13 0.983150432507197 0.4283845371670193 0.020799156030019125 0.04658388914885344 
12 0.16270167032877605 0.2726729781539352 0.06110382080078125 0.5339671947337963 
13 0.3259325663248698 0.43357656973379627 0.17757415771484375 0.19481879340277777 
10 0.554083251953125 0.37788538049768516 0.216876220703125 0.2575484664351852 
10 0.7071772257486979 0.3370849609375 0.17977396647135416 0.32129810474537035 
10 0.8595072428385416 0.3421852394386574 0.272052001953125 0.28899830005787036 
7 0.5023225796222685 0.4827777777777783 0.03204078912734947 0.045185185185186195 
7 0.5599478133519488 0.47157389322916665 0.07114583015441837 0.03833369502314815 
7 0.6163281250000002 0.4748774634467231 0.029010416666667045 0.046051223189742474 
7 0.6922102085749307 0.46259259259259294 0.07744104703267378 0.04055555555555488 
7 0.8283334946632385 0.44905237268518516 0.08364656289418519 0.03893229166666667 
7 0.9070559664567313 0.45445912361144986 0.0582785995801288 0.0465104781256775 
7 0.7824893355369568 0.4641653467107702 0.046228671073913576 0.04590158462524414 
