7 0.8332075357437134 0.9419334129050926 0.22549099922180177 0.11613317418981481 
13 0.05931503375371297 0.758164299858941 0.11630259354909261 0.2839211923104745 
10 0.7669481913248698 0.6382116247106482 0.4661036173502604 0.6328125 
10 0.451755158106486 0.6078835777000138 0.3805936495463053 0.5474330986870646 
7 0.42845204750696836 0.802165800730388 0.10721659501393598 0.10451678664595858 
7 0.43228729248046893 0.7485561392042369 0.09917541503906288 0.07803820433440099 
7 0.5749521891276042 0.7509429324114771 0.097491455078125 0.0779969759340626 
7 0.5870031738281256 0.8066256219369398 0.1089103190104178 0.10362161424424846 
7 0.7311879475911458 0.8605537555835865 0.112103271484375 0.13221862227828415 
7 0.9269884745279948 0.846569552951389 0.1460230509440104 0.0987127459490744 
