7 0.4218409220377604 0.5225570899468881 0.05110982259114583 0.02599887318081326 
10 0.521588338216146 0.39916648582175945 0.30234415690104205 0.28518554687500036 
7 0.6036081989606221 0.527542938126458 0.05818482240041097 0.026517806229767977 
7 0.44801849365234386 0.5134542712458858 0.03635884602864602 0.02024259920473452 
12 0.634967447916667 0.3281018518518522 0.03204427083333409 0.48546296296296226 
7 0.4749028913180036 0.5241817836408262 0.05938911596933944 0.028436266934430156 
7 0.6231812576452891 0.5185142534750479 0.05784322818120321 0.023481414936206958 
7 0.5445756022135417 0.5272289205480505 0.059390462239583525 0.029654962045175058 
7 0.565167240301768 0.5181102487776015 0.054768888155619304 0.025910529383906613 
7 0.5037941495577495 0.5159842932665789 0.052036134401957194 0.023278988732231987 
