7 0.5305891608198484 0.5054274408905595 0.01511102020740509 0.02518503224408185 
12 0.7421300721168521 0.39191429703323927 0.037072644233703045 0.21257208364981192 
13 0.8653122967481612 0.46763888888888905 0.02739583373069744 0.07231481481481515 
10 0.4847917683919273 0.38235880533854166 0.3582289632161462 0.5136452003761575 
7 0.4829004983107249 0.49970975628605596 0.04140117565790812 0.018218340697111906 
7 0.5749316954612733 0.5634751185664417 0.03309255758921286 0.05213469893843905 
7 0.5930396048227948 0.5849394197817201 0.04212087631225548 0.06432328400788484 
7 0.4860910542805991 0.5559318062111187 0.08323455810546913 0.03556731612593972 
7 0.48371745149294537 0.5088233930093271 0.04863810936609904 0.02153495152791341 
7 0.48796895186106326 0.5987188070791742 0.11041666348775152 0.05354872526945824 
