7 0.658111842473348 0.5688851294694124 0.06913302739461263 0.028078780350861726 
10 0.5178143310546877 0.42035064697265623 0.40364217122395873 0.38792351616753473 
4 0.7395697871843974 0.47000020874871146 0.04344418048858643 0.05834532490483037 
7 0.618185532093048 0.5806048110679344 0.08122173150380453 0.037777547483091 
7 0.5742474277814229 0.5649540274231523 0.06221962769826253 0.02599095415185999 
12 0.9310754322012268 0.326779875578704 0.0978800310691194 0.516255063657408 
7 0.38681087891260785 0.5668376021915011 0.06814588705698649 0.026323858896891275 
7 0.4578853686650594 0.5750265192102503 0.06682969729105631 0.03919330173068576 
4 0.8155767520268759 0.4668065212391041 0.0746939500172933 0.08716121956154152 
7 0.5419573783874512 0.5738568623860677 0.07900447845458984 0.031003655327690973 
