12 0.8801025390625 0.2706038828249331 0.030047607421875 0.08757639990912544 
13 0.08443610191345195 0.8023611111111113 0.1269970003763831 0.39527777777777745 
13 0.9208588322003682 0.39208522725988315 0.04017144044240316 0.06471154248272931 
7 0.6806708459059398 0.6630928731847697 0.02998752514521262 0.045074635258426365 
13 0.8039431264003117 0.40605489059730815 0.017527772982915243 0.038961633046468096 
10 0.15425507704416883 0.4810186993634261 0.06705202420552515 0.046481119791667004 
3 0.4862475484609604 0.49061024630511246 0.021485982338587443 0.030641788906521267 
10 0.6256732177734378 0.504352072256583 0.25990356445312557 0.5344448852539059 
7 0.6772269078095756 0.6290410578692402 0.026641315619150417 0.02826730092366503 
7 0.6878211466471356 0.7248994078459562 0.034461873372396215 0.0912810205530234 
