12 0.16500102400779754 0.47769205729166686 0.03489788134892725 0.20498625578703739 
10 0.4203425089518229 0.4770797164351852 0.3153310139973958 0.43268229166666666 
13 0.17267273465792338 0.5281851980421278 0.023676971594492596 0.09750899562129269 
12 0.9440434773763021 0.4118019386574074 0.0849456787109375 0.8236038773148148 
7 0.4475921630859375 0.6496848777488425 0.09799397786458333 0.07377839265046296 
7 0.47266743977864584 0.6259471752025463 0.07762654622395833 0.059437391493055554 
7 0.3656995137532552 0.6246152524594908 0.09674631754557292 0.06216995804398148 
7 0.3514760235945384 0.5988339406472666 0.05348610480626424 0.05087426150286639 
7 0.31493841807047523 0.6101903173658583 0.08806470235188803 0.052388374893753614 
7 0.26856247584025067 0.5968905766805013 0.07910493214925131 0.04615022164803964 
