12 0.42274924914042156 0.3407533009847005 0.03279301325480143 0.13117203889069734 
4 0.9460278034210206 0.3823203872751307 0.04213902155558268 0.026525901865076137 
7 0.6033942159016931 0.45525637379399053 0.03789906819661534 0.019772006847240307 
7 0.687362976074219 0.44633433006427925 0.0401698811848964 0.019335326795224452 
4 0.9428330818812053 0.40231421753212293 0.052121241887410484 0.03573954617535559 
12 0.7851517232259118 0.3236738642939818 0.017509053548177653 0.2622819010416673 
7 0.6265231847763062 0.447106158291852 0.03455475171407064 0.01799342190777814 
7 0.6499116722742717 0.4487235254711575 0.04086501121520977 0.01997309260898166 
10 0.6197044436136883 0.37139711733217595 0.21170055389404277 0.19424280237268518 
7 0.055599093437194824 0.5367829499421296 0.07161993980407715 0.039876302083333336 
7 0.6674831489721934 0.4432408218030576 0.029968535900115965 0.01419793411537453 
7 0.5850105663140615 0.450762089976558 0.03724321921666463 0.02052374592533818 
7 0.5621580322583516 0.45607544757701735 0.042224796613057454 0.01939915904292354 
7 0.20673276583353678 0.49819128601639356 0.0699128786722819 0.055667149579083475 
7 0.1490720013777415 0.515862766901652 0.06251167853673299 0.024493545956081813 
7 0.5474271893501281 0.4543087464791757 0.036370491981506346 0.019634564717610676 
