7 0.6453750610351563 0.5039342809606482 0.08591206868489583 0.044270833333333336 
7 0.5382954915364583 0.5099600332754629 0.0825927734375 0.04205729166666667 
7 0.48431193033854164 0.529686595775463 0.029878743489583335 0.053801359953703706 
7 0.4497222900390625 0.5170785409432871 0.081982421875 0.045830620659722224 
7 0.33668721516927086 0.5200584129050926 0.08587443033854167 0.045746527777777775 
7 0.2883996073404949 0.538209816261574 0.04465911865234394 0.05784686053240741 
10 0.49843744913737 0.3439918800636574 0.5220834350585941 0.4703495732060185 
13 0.025901946425437927 0.4390021006266276 0.02565439740816752 0.18110930831344038 
7 0.7065236409505208 0.5146330656828704 0.0552001953125 0.05189525462962963 
7 0.5246683756510416 0.5269305193865741 0.0232421875 0.05287905092592592 
