12 0.04319493273893992 0.4130202717251248 0.021064954996109008 0.06275205965395327 
7 0.5777494827906291 0.629889166796649 0.027896833419799805 0.03643668139422381 
7 0.468040931224823 0.6582361323745166 0.03438711961110433 0.05221300548977255 
7 0.47533967991669973 0.6455780735722294 0.029377073049545288 0.04959437052408854 
7 0.48028719127178193 0.6289786109217891 0.026974529027938843 0.03340029186672634 
11 0.21328513622283934 0.5033496538798015 0.13953515688578289 0.10662335289849176 
7 0.5841826915740966 0.6410231272379557 0.030971177419026694 0.04169975563331887 
0 0.2437589884797736 0.4681317590784147 0.013663810292878982 0.20626351815682803 
7 0.4607755025227865 0.678550370534261 0.04042816162109375 0.06543407440185547 
9 0.05005679229895274 0.5439825040322763 0.013937030235926311 0.027108888272885923 
7 0.590399702390035 0.6599293850086353 0.03586735725402832 0.05445259235523365 
4 0.5852872769037882 0.5209801815174244 0.1003597100575765 0.07317057715521919 
7 0.6000886289278669 0.6798518774244519 0.04059392452239952 0.06692670045075559 
4 0.4760984460512797 0.5202732227466724 0.05955773194630941 0.062007310655381946 
4 0.6804240445295969 0.5309476075349031 0.06304128567377726 0.06212307965313947 
10 0.5294836934407556 0.44486091896339647 0.308636779785157 0.542870347764756 
