7 0.3676024317741394 0.7069072758709943 0.10001606146494547 0.0458367594966182 
7 0.7435938008626304 0.7031479411655002 0.10156239827473997 0.058263474923593024 
12 0.240924072265625 0.45811803747106516 0.03221435546875 0.4906157769097229 
4 0.11216709017753601 0.5756097325572261 0.02498827377955119 0.02518503224408185 
12 0.5855179101228714 0.5263034537986473 0.009837903579076131 0.13230887518988715 
7 0.5146498004595439 0.7215966033935552 0.11687792936960856 0.062082095675997255 
7 0.3896772821744283 0.732630443572998 0.12674938042958578 0.0638792320534035 
4 0.14268327911694884 0.5737401439525465 0.0401582249005628 0.028630823206018854 
10 0.5685745747884118 0.4970667973271121 0.577746683756511 0.5680232069227428 
7 0.6830605745315552 0.6842492880644622 0.07542392412821451 0.04110057265670211 
7 0.5822258949279785 0.6920901298522949 0.0845272699991862 0.0491108152601454 
7 0.6427805304527283 0.7108694359108254 0.11016534964243571 0.05545559635868779 
7 0.4709947307904561 0.7040535432321054 0.09940218130747477 0.0554070719966182 
