7 0.35028951009114595 0.4881054037588616 0.07973347981770852 0.042692288999203944 
13 0.34338656067848206 0.4282702092771177 0.04113103151321411 0.09383968070701316 
7 0.45254761576652525 0.43130632683082865 0.02998435099919637 0.02142341755054615 
7 0.5299988885720571 0.4703411420186361 0.04276755253473918 0.049068062393753616 
7 0.5043794254461924 0.4699769179026286 0.04536366860071818 0.045424394254331237 
7 0.6951256334781647 0.46366160004227247 0.035252487659454344 0.04979679672806351 
7 0.3693816860516866 0.4751994998366744 0.05246881643931071 0.04372401414094148 
12 0.776331075032552 0.22430555555555556 0.11504618326822917 0.4486111111111111 
10 0.5051039632161463 0.29500084205910077 0.4480212402343758 0.44296464708116184 
7 0.6450647513071696 0.47849889684606484 0.08719778060913086 0.05040961371527778 
7 0.5299217732747399 0.4834259255727139 0.08890645345052141 0.04851851781209175 
7 0.44650731404622424 0.4831016710069451 0.08125620524088599 0.04564850983796431 
