7 0.38106139898300173 0.6867925343690096 0.12793395519256592 0.050541810636167174 
7 0.5987512230873108 0.6493818565651223 0.09158508777618408 0.06000864947283709 
12 0.4162895783782005 0.48744287137632014 0.01093100408713023 0.13262952168782552 
4 0.5305728594462077 0.5131421654312699 0.05935535430908203 0.03352174405698423 
10 0.4963018798828126 0.46359655309606496 0.5595837402343752 0.5868809678819448 
7 0.6764887015024821 0.6312498014944578 0.08472992579142252 0.05435145484076471 
7 0.5263860623041788 0.6385721736484103 0.08098562558492024 0.050789818940339265 
7 0.4253075043360392 0.6629175610012479 0.09774940808614095 0.0629625814932364 
12 0.1331752014160159 0.4264898003472227 0.041774597167969316 0.535538917824075 
7 0.3211216449737549 0.6872135939421478 0.11040226618448894 0.06823144135651765 
7 0.4933590094248454 0.671630534419307 0.10708545049031576 0.0707585370099103 
