3 0.5585127711296082 0.6219922630875199 0.020462838808695476 0.0346294191148546 
7 0.23524810473124186 0.7214341693454318 0.11174478530883789 0.0639494295473452 
7 0.14936655660470327 0.6687867500163891 0.028429768482844033 0.04289034031055592 
7 0.22971994479497274 0.6951109409332276 0.09752989610036214 0.049208065315529154 
3 0.7255002717177074 0.5866912788814969 0.03324846824010213 0.02550567697595667 
12 0.4934022068977356 0.49380205295704027 0.020659597714742024 0.09441472512704355 
10 0.4933147176106772 0.5846314889413339 0.12076639811197935 0.10295980947989004 
7 0.13195494055747994 0.7161698270727087 0.04193071444829286 0.07728684743245443 
10 0.18533706665039062 0.5786380570023152 0.2866175333658854 0.4069057436342586 
13 0.4790583137671154 0.6684259245130753 0.04030412753423036 0.18574073791503873 
7 0.22810031970342 0.6688165258478236 0.08022916316986084 0.03815569347805447 
