7 0.49688982327779174 0.6069087240431044 0.09909214655558192 0.06317725711398654 
4 0.14910650451978047 0.49220510765358255 0.04108308553695679 0.029802287066424335 
4 0.20766173203786215 0.48527931990446865 0.03494423230489095 0.0402960530033818 
12 0.2494636027018231 0.368271846064815 0.03565612792968788 0.44141927083333365 
7 0.3889665047327677 0.6125236988067627 0.11095506350199381 0.05756150351630317 
10 0.5429791259765627 0.3981128890426067 0.5137292480468754 0.49956055817780604 
7 0.3698217829068502 0.590511163075765 0.08570781548817953 0.032320792586715136 
7 0.46025160551071165 0.5865086082175931 0.08854113419850668 0.046982783564815826 
7 0.610504048665365 0.58695729220355 0.09607523600260492 0.04706273255524812 
7 0.5595357497533162 0.5749799163253219 0.07413843472798666 0.0390368002432364 
7 0.6499661087989808 0.5644857724507649 0.07036068439483642 0.032320792586715136 
