10 0.4975137329101566 0.37274106626157477 0.2876808675130216 0.3395178674768532 
12 0.25248803943395615 0.4160751837271231 0.01574064592520396 0.12796561629683884 
7 0.6670877655347188 0.46966408058449105 0.03438711961110433 0.01844961660879697 
7 0.4575593372186025 0.5134623315599229 0.04918951590855916 0.03206427538836444 
7 0.49756691853205365 0.5036980169790762 0.06886532306671142 0.03118979842574508 
7 0.43747361898422243 0.5012201803701896 0.05263278484344482 0.02914934511537905 
13 0.45700732270876565 0.4599330054389106 0.018901526927947998 0.06052537141022859 
7 0.5061442565917972 0.5186517107928248 0.056253153483073484 0.03936324508101986 
7 0.39358955224355063 0.5070135134237784 0.036743720372517906 0.03363604015774197 
12 0.8025402323404952 0.2750929542824081 0.09377370198567785 0.4588881655092606 
10 0.6532841881116231 0.42393789785879665 0.048041764895121256 0.042309389467593266 
7 0.581832754611969 0.5094028501157414 0.06690647602081298 0.043972077546297644 
