7 0.27430486083030703 0.3915849553214179 0.03981659015019735 0.015280732402095088 
7 0.4051192820072174 0.3827474700080024 0.039511024951934814 0.021052304020634405 
7 0.3539938271045685 0.3845696025424533 0.03905556599299113 0.020647451612684463 
7 0.3134583830833435 0.38649216492970784 0.04406561056772868 0.0200401747668231 
4 0.7662821014722189 0.29076081452546315 0.07792044480641683 0.04273763020833367 
7 0.44879201451937356 0.3817107112319381 0.04682515859603882 0.02045267246387623 
12 0.49892741640408833 0.27404451723451967 0.011614191532135009 0.15424861201533566 
10 0.3569269816080729 0.281759440104167 0.2689585367838542 0.24611074942129696 
12 0.12856486002604203 0.27152569806134275 0.04016194661458409 0.27935601128472254 
7 0.42584830125172934 0.3885276291105482 0.05092450777689616 0.021863200929429796 
7 0.3755320946375529 0.3911146155110112 0.04365146954854329 0.021863200929429796 
7 0.32065370281537375 0.39311213405043993 0.05079226891199748 0.017866701549953883 
