7 0.24549030462900798 0.6990318404303657 0.08802040417989095 0.04582301245795356 
10 0.4908592732747399 0.5766555786132812 0.23161478678385475 0.3107185646339699 
7 0.07642842928568522 0.7075626956091987 0.08503154118855795 0.04533553300080476 
7 0.513390318552653 0.6512588924831815 0.07760054270426432 0.07994653207284433 
7 0.4394916276137034 0.6734390400074146 0.052099303404490156 0.09700828834816262 
3 0.3879687500000003 0.3545220184326177 0.0297916666666661 0.052932925754122256 
7 0.8169581532478333 0.6870752122667101 0.099959397315979 0.04859703911675347 
7 0.5561833163102468 0.6740826430144133 0.044624729951222734 0.10157963788067853 
7 0.8825730184713999 0.3639851658432572 0.04446732600529989 0.051069651709662545 
7 0.7272370429833733 0.20948318304838942 0.030724085966745442 0.02063375614307511 
3 0.585095672607422 0.2661702396251544 0.028975321451823296 0.05382196073178757 
