10 0.8780694802602133 0.24290828351621274 0.1920988400777181 0.09429276784261068 
13 0.020052083432674787 0.271373121826737 0.015729166865348056 0.039675497125696256 
10 0.5137498982747398 0.2563016396981698 0.33458312988281214 0.3348255016185619 
12 0.15145145903031032 0.2213733849702058 0.014233077565828959 0.07530247017189308 
12 0.11843106547991435 0.22333747016059027 0.012069650491078695 0.05667928059895833 
7 0.4402693967024485 0.35699965688917373 0.04304082791010539 0.029635164472791884 
12 0.5166204833984376 0.08624727743643285 0.03977986653645852 0.13712490788212495 
12 0.2612111141284307 0.19881294391773366 0.023807726303736367 0.12312682822898582 
12 0.09257431030273437 0.22942048214100075 0.010684712727864584 0.045322445763480976 
12 0.8686980128288269 0.1855769510622378 0.021958200136820476 0.08478960814299406 
12 0.8055379768212636 0.20005920551441334 0.022666529814402262 0.1095548982973452 
