7 0.24119115273157757 0.7006219722606518 0.11056020259857177 0.07487675702130353 
7 0.23775868415832518 0.6775985205615008 0.0948441505432129 0.05487152028966833 
10 0.5001744031906128 0.57196156890304 0.12059925397237142 0.1024752934773763 
13 0.4878286401430766 0.6562383934303566 0.04096286296844483 0.1866358580412688 
7 0.13902102112770082 0.6997442139519585 0.04113103151321411 0.07897157315854673 
3 0.7322501738866171 0.5770783362565217 0.03384238878885905 0.024485448554710104 
7 0.1553091158469518 0.65177578219661 0.028956244389216106 0.047382944601553456 
10 0.1930346679687503 0.5630926344129774 0.2866389973958339 0.4058148984555845 
7 0.23539637724558513 0.6544328424665663 0.08034272193908691 0.03936698701646593 
12 0.5008864025274913 0.48173475477430605 0.019597105185190835 0.09356752748842694 
3 0.5654618640740713 0.6104063864107485 0.020777650674184165 0.03441954365483037 
