10 0.13904725551605188 0.4356957103587968 0.24538577079772875 0.5115715422453714 
10 0.5565103149414067 0.4788774956597224 0.5884377034505216 0.7303931568287041 
7 0.7291730244954427 0.6940696151168259 0.11352895100911459 0.2620686283817998 
7 0.6240190347035726 0.6211324762415003 0.1406955401102702 0.1023705659089265 
7 0.46141453584035236 0.6213933294790768 0.13850188255310059 0.2051940663655589 
7 0.3409141461054484 0.5952961603800456 0.13381295204162597 0.17256750883879485 
7 0.18763308922449748 0.5565421634250217 0.12010260423024495 0.14380625972041378 
7 0.1410175085067749 0.545330160635489 0.1349097728729248 0.1301568490487558 
7 0.04624138275782267 0.5012137836880154 0.09248276551564534 0.08092149098714192 
12 0.6917790220181151 0.3012623878761579 0.030016377369562027 0.4008085575810195 
