12 0.023336360851923626 0.41722951818395543 0.04667272170384725 0.2961759779188368 
7 0.45923444827397664 0.5519211203963669 0.09315354824066162 0.08833117308440032 
7 0.3487106442451477 0.547296651204427 0.08774619897206624 0.08205894187644676 
7 0.22988757292429607 0.5442494745607729 0.09185929298400879 0.07759038430673104 
3 0.7036213397979736 0.33217592610253294 0.0489927609761556 0.023796296649507657 
3 0.704625419775645 0.3497482449920089 0.04997654755910238 0.019588359196980796 
10 0.5310939470926921 0.4192333362720631 0.9059378941853841 0.6116148206922744 
3 0.386670579512914 0.440178132233797 0.05915964047114054 0.05556966145833468 
3 0.7028539299964904 0.3877005479953907 0.04722193876902262 0.016440230828744393 
3 0.7051173170407613 0.37056360315393533 0.05096034208933512 0.01924316406250034 
7 0.7412903626759847 0.6034401646366826 0.14314387639363607 0.15507911399558738 
7 0.589701795578003 0.570931628898338 0.10598643620808919 0.1134850749263057 
