7 0.7087529746691388 0.6870031498096607 0.12823511600494347 0.05736495123969184 
7 0.5759777832031252 0.6850925021701388 0.11804443359375037 0.05944462528935185 
12 0.4992097824811935 0.4438074924327709 0.01652767856915792 0.10997464921739367 
12 0.928060511747996 0.45430172814263237 0.013033254941304525 0.1888877444797092 
10 0.5041406377156576 0.45127396195023184 0.6295312754313149 0.5709705946180562 
7 0.6951572100321451 0.6647230589831317 0.1069576899210612 0.04995031356811523 
7 0.5826511859893799 0.6567473234953703 0.1005827267964681 0.039876302083333336 
7 0.44877686103185016 0.6590561425244367 0.09916606744130453 0.0453330605118363 
7 0.3459506909052531 0.6588459332784017 0.10034661293029785 0.047431811579951536 
4 0.6911356608072917 0.5269542623449255 0.08481547037760416 0.09105949401855469 
7 0.30446660121281943 0.6823697160791468 0.11897857189178467 0.058207314102737995 
7 0.4219803309440617 0.6836340091846608 0.1180231618881218 0.05736495123969184 
