7 0.7180948893229167 0.6146796332465277 0.08582967122395833 0.07171856915509259 
7 0.5300501505533854 0.6719066478587963 0.11537984212239584 0.09267397280092593 
7 0.9810938517252604 0.531669291037101 0.037812296549479166 0.04315339688901413 
7 0.3390953063964844 0.7340747974537037 0.15323842366536458 0.12324942129629629 
7 0.2741386413574219 0.6682766384548611 0.09794871012369792 0.0726047092013889 
7 0.19881439208984375 0.7312707971643518 0.07530415852864583 0.11092484085648148 
10 0.5472318013509114 0.5499831814236115 0.905536397298177 0.5226262297453711 
7 0.9235996488730109 0.5486411094665528 0.050428057511646786 0.04728221893310547 
7 0.8155451456705729 0.5819195782696759 0.06657206217447917 0.05991301359953704 
7 0.5411732991536459 0.6311776620370371 0.08416951497395833 0.06906286168981482 
7 0.4236348470052083 0.6328007450810185 0.09911092122395833 0.0711281105324074 
