7 0.4938257857163743 0.5540740740740746 0.046088664531707006 0.026666666666667678 
7 0.5567612715562187 0.5601868149086284 0.05966837644576988 0.031114370557996287 
7 0.49457010904947935 0.5754755338033041 0.06419311523437538 0.03891403056957104 
7 0.434241944154104 0.5681082732589158 0.05869222164153977 0.036031361332645784 
7 0.7120052091280618 0.5754477737568044 0.07734375158945757 0.041451103069163796 
10 0.4989257876078284 0.37351171422887747 0.29378866831461514 0.4783197247540506 
10 0.7220086669921879 0.3371550213849105 0.3616076660156258 0.6398655983253758 
7 0.8051579801241558 0.5854037380218508 0.08667012691497765 0.04562229085851565 
7 0.6596186327934267 0.5939025444454619 0.08569559892018598 0.050582866668700835 
7 0.7603638704617822 0.6080917266563136 0.09843607425689621 0.05840567553484814 
