7 0.5489678931236265 0.6548026960867429 0.10335245291392046 0.0505313180994091 
7 0.5893206787109373 0.7205014801025401 0.09042114257812463 0.11118814539026128 
7 0.4060736083984381 0.6754137710288719 0.09629028320312613 0.08601272724292897 
7 0.7572529093424483 0.7608863187719281 0.07497334798177159 0.1386244893957054 
7 0.895486551920573 0.8413540762442137 0.20392272949218768 0.11715259693286903 
13 0.03552083333333371 0.708321668836806 0.07104166666666742 0.2957174117476842 
7 0.9244937133789065 0.7311862521701389 0.14767923990885473 0.10311324508101852 
10 0.7961506144205733 0.5217823169849537 0.40603210449218824 0.7500461154513889 
10 0.43416727066040056 0.5259159907588246 0.42125120798746707 0.5668312581380195 
7 0.4262975025177004 0.7319862182052054 0.12530333836873334 0.10212058455855623 
