7 0.6101229826609293 0.8734689670138895 0.09212096532185872 0.0676916956018532 
7 0.6616543547312418 0.8513384331597224 0.04039143244425437 0.06695276331018553 
7 0.22403645912806194 0.8829167570891211 0.0345312515894572 0.06638870804398282 
7 0.49919845581054717 0.8339724392361118 0.07118642171224016 0.04590784143518384 
10 0.4762561035156253 0.5058412622522425 0.6129044596354173 0.8866825245044849 
7 0.5768399047851565 0.8269703949822323 0.06788269042968788 0.04060745663112997 
7 0.6946477762858075 0.8345689554567697 0.057371114095052654 0.04061939239501818 
7 0.7248227945963545 0.8636081264637133 0.05379191080729224 0.07332808741816735 
13 0.06005650480588306 0.8154516601562507 0.053133842945098306 0.2244670500578717 
7 0.3165467802683513 0.9008230251736112 0.11423939387003562 0.07539098668981516 
7 0.3870326201121012 0.8471133535879635 0.07198190689086914 0.04799551504629731 
7 0.4505957508087159 0.8860988136574077 0.11306650161743145 0.07261718750000068 
7 0.5688598601023358 0.8962675419560187 0.12292805353800418 0.08172417534722255 
