10 0.43242177327473996 0.45896185980902826 0.5694272867838549 0.5659651692708343 
7 0.2537481633822125 0.6837740544919615 0.09582966009775759 0.054051653544108076 
7 0.6423869053522746 0.6609452106334545 0.08759668668111166 0.041975056683575665 
7 0.35181027253468833 0.6872833216631854 0.10819106101989746 0.058263474923593024 
7 0.4099602699279785 0.6614484345471418 0.0934994379679362 0.0440738077516909 
7 0.5277555227279663 0.6649330315766511 0.09774940808614095 0.050789818940339265 
4 0.778355582555135 0.5214783703839337 0.09204136530558268 0.10178558914749711 
7 0.4820687882105512 0.6855286863115099 0.11538757642110133 0.05615756070172345 
7 0.3229490598042806 0.6612723491809986 0.08811613718668619 0.0443256590101454 
7 0.6007680733998616 0.6898051396122692 0.1228007952372233 0.059093424479168016 
12 0.6380706787109375 0.4557619094848633 0.021533203125 0.1380139810067636 
