7 0.6121031697591149 0.7044048803823966 0.09808532714843826 0.054180131135163484 
12 0.8882507832845055 0.43245388454861144 0.057144266764323486 0.4521292679398155 
10 0.5511632283528646 0.5353661318178536 0.5237152099609375 0.48943596733940836 
7 0.390008811155955 0.7176106293996175 0.08641614119211832 0.0516293172483091 
4 0.6060416158040368 0.5784722229286479 0.07375010172526117 0.07990740882025792 
7 0.48302637338638305 0.7226264247187861 0.09734343687693278 0.059309924090350116 
7 0.7161979166666669 0.6911098939401132 0.10375000000000038 0.04991003672281901 
12 0.25625283767779666 0.5393363387496383 0.007280048727989197 0.1668508459020544 
7 0.48167866468429565 0.7052073337413647 0.08401569525400797 0.051419441788284864 
7 0.5968893432617188 0.6861706090856489 0.0787213134765627 0.039510633680556906 
7 0.3793074727058411 0.7351786366215458 0.10145653883616129 0.058497464215313946 
7 0.6844375610351563 0.677783727645874 0.0897216796875 0.03952651200471101 
12 0.3958642874161403 0.5385662714640299 0.018707741498946953 0.12312682822898582 
12 0.046302487949530284 0.5482674598693847 0.014592890938123068 0.10435465353506583 
12 0.8107892483472824 0.3794921875 0.029841639598210654 0.09969075520833333 
12 0.11501205444335956 0.5864813698662652 0.012371724446614963 0.18930750246401187 
