7 0.5445103168487548 0.5125016653979266 0.05771570205688477 0.0472219361199273 
7 0.42183560132980347 0.5374269874007613 0.10148370265960693 0.05355767850522642 
10 0.5445237731933598 0.34095810501663704 0.46936004638671797 0.4738993552879037 
13 0.2386457316080732 0.4885184280960655 0.0881252034505214 0.19500018084490875 
7 0.7066955288251241 0.5211572265625002 0.07666823863983155 0.043981843171296636 
7 0.6210670979817711 0.5259939041844123 0.0784908040364589 0.047172993554008995 
7 0.3551072835922241 0.5260486984252937 0.04738294283548991 0.058764063517251254 
7 0.6737989298502607 0.5066824001736113 0.0631313069661464 0.04607964409722256 
7 0.5205710450808207 0.5141047830934877 0.059027425448099774 0.048679401256419993 
7 0.5382355141639711 0.534036792472557 0.08980436166127485 0.05214765901918731 
