7 0.5334670742352804 0.4577671845753988 0.06000665823618571 0.024695972160056784 
12 0.06457160810629527 0.32589934172453755 0.012592516342798869 0.17560872395833435 
12 0.19669710124532383 0.30061432167335794 0.006415035823980967 0.15886391533745658 
7 0.3821093765894574 0.46719723807440866 0.069218753178914 0.03069077244511357 
7 0.5446614074707034 0.4669298934936528 0.06661468505859412 0.029600527728044418 
7 0.3078203328450523 0.4660969133730288 0.07415100097656288 0.03126790082013166 
7 0.4687353233496348 0.4592856204068219 0.059665064016977944 0.02692265863771792 
7 0.47351425011952747 0.46548733004817255 0.06650766690572046 0.0300487341704192 
4 0.5117825945218404 0.3828463787502718 0.06099499861399333 0.06791497972276375 
10 0.42368275960286467 0.32302778455946196 0.35846781412760437 0.32735186541521955 
7 0.316726150115331 0.45898137975622105 0.0651305635770162 0.028339640299479166 
7 0.3853294948736827 0.45763147424768585 0.06228394905726115 0.02807038483796431 
12 0.584649674097697 0.26246598914817526 0.023911571502685545 0.07489761776394314 
12 0.7392352720101675 0.2232521339699074 0.028201989332834878 0.09969075520833333 
12 0.7070761617024743 0.29523382116247177 0.04980600992838617 0.3369491238064223 
