7 0.7399114513397218 0.6586561499701601 0.1015937360127765 0.08805159392180165 
10 0.7137054443359375 0.5070370370370374 0.43613077799479166 0.573333333333334 
7 0.3919142150878907 0.7532928297254776 0.17200490315755226 0.12584491871021378 
10 0.3853646787007648 0.5354119646990747 0.4476041539510087 0.6780649594907421 
7 0.2797423235575361 0.7365362873783818 0.05083881378173771 0.12584492718731916 
3 0.7744424104690552 0.5598268261662236 0.08240227699279785 0.038617049323187935 
7 0.07873296101888058 0.7656556631017616 0.07784657796224034 0.1403854002775966 
7 0.4594752486546838 0.7001389030173969 0.07374216397603277 0.10546443797923834 
7 0.7390947469075523 0.6935744094848638 0.14910217285156288 0.10696363378454037 
7 0.8492193635304772 0.6404439827247895 0.10895956039428635 0.0866279828106902 
