7 0.12488276163736979 0.7568639684606482 0.08460947672526041 0.11729781539351852 
7 0.902604167064031 0.5405726891976815 0.036875000794728406 0.041862247608326096 
7 0.848980059226354 0.5573611107578985 0.04678519169489543 0.04787036966394461 
10 0.48523356119791666 0.5663293909143519 0.9432393391927083 0.5487575954861111 
7 0.7489415486653646 0.5911910445601852 0.0633514404296875 0.0586498119212963 
7 0.6556599934895834 0.6231083622685185 0.08199869791666667 0.0705494068287037 
7 0.5407190958658854 0.6262532552083333 0.0805633544921875 0.059074797453703705 
7 0.4834645589192708 0.6432540328414352 0.08271484375 0.07012532552083334 
7 0.47127227783203124 0.6849030671296297 0.1147491455078125 0.09477358217592592 
7 0.3640533447265625 0.6466539171006944 0.102557373046875 0.0735252097800926 
7 0.2733487447102865 0.7543131510416666 0.16179656982421875 0.13259910300925926 
7 0.20478617350260417 0.6877595124421296 0.1061431884765625 0.0770091869212963 
