7 0.29453837076822914 0.6500958478009259 0.09024556477864583 0.07862413194444444 
7 0.16195907592773437 0.6426590530960649 0.10239817301432291 0.07437518084490741 
7 0.44265645345052085 0.6231797960069444 0.10319417317708333 0.057374855324074076 
7 0.5280148315429689 0.6575330946180555 0.07230367024739622 0.09420753761574074 
7 0.7106043497721354 0.6729392722800925 0.0490081787109375 0.10306170428240741 
7 0.8681060791015625 0.6438907877604176 0.14343668619791666 0.07258879484953906 
10 0.39218292236328123 0.4710209599247685 0.4399485270182292 0.40171531394675924 
10 0.1288187821706136 0.4917398664686415 0.2576375643412272 0.3223686218261719 
10 0.8110677083333333 0.4399519913284865 0.37786458333333334 0.4621269282588249 
7 0.02442848285039266 0.6212857596079512 0.04885696570078532 0.041275222919604726 
7 0.1414373064041134 0.616111201533565 0.09235337257385177 0.053147967303241075 
