12 0.2562285820643107 0.5 0.2493752956390381 1.0 
10 0.6121658833821617 0.5036376953125 0.639001566569011 0.5825394241898149 
3 0.25730611165364603 0.528781645033095 0.2663252766927087 0.18311884562174413 
7 0.5226414442062378 0.6870113867300528 0.10114938418070475 0.0982216305202908 
7 0.4324004054069519 0.6598114578812211 0.09463276068369547 0.0992290355541088 
7 0.6140159726142883 0.6300932601646141 0.08103284041086832 0.0810958085236726 
7 0.5263246258099874 0.5895454035864935 0.07338289419809978 0.0392886515016909 
7 0.6837152858575185 0.5870268044648347 0.06403294801712037 0.0705180909898546 
7 0.7389900207519531 0.5557614820974844 0.05274912516276042 0.061522964194968895 
7 0.7828744808832805 0.5261868847741021 0.046456766128540036 0.056598306585241245 
7 0.819083321094513 0.5042155852141209 0.04153781731923421 0.04860586660879731 
7 0.9503761410713196 0.40442132420010035 0.04230298201243083 0.037077963793719255 
10 0.12098655700683594 0.5571329017921732 0.24197311401367189 0.6075991369176791 
