7 0.3861783822377523 0.7177914124948007 0.11324523289998373 0.0657043527673792 
4 0.23380303780237835 0.5898807278385869 0.03620348771413167 0.04477339144106265 
4 0.179596080382665 0.5970518942232486 0.03797430594762166 0.030431913446497035 
7 0.367389718691508 0.7024585388324879 0.09774940808614095 0.0516293172483091 
7 0.5027405540148417 0.7051558388604058 0.1028209924697876 0.05728071707266348 
10 0.5528122965494793 0.5043654208713103 0.5252087402343751 0.5053960616500279 
7 0.5692636569341024 0.6770631542912235 0.07602731386820476 0.038617049323187935 
7 0.4660835941632589 0.6898657374911839 0.09113833904266358 0.0491108152601454 
7 0.6638256374994914 0.6648904358899151 0.07390127499898255 0.03441954365483037 
7 0.619867095947266 0.6932781562098752 0.09818247477213618 0.05488964575308307 
12 0.2598858133951827 0.47928484881365757 0.033770039876302844 0.4480969690393522 
