10 0.6745453476905823 0.40264590581258136 0.040877397855122885 0.03906821498164424 
7 0.4592844804128011 0.503748192610564 0.06672366460164388 0.034935983022054036 
7 0.4965776403745015 0.5111543330439822 0.034296027819315594 0.04324688946759394 
7 0.5202160875002543 0.5093428731847696 0.03347620169321696 0.040537598221389665 
7 0.6092146809895838 0.4968055555555557 0.06375813802083409 0.03138888888888855 
7 0.6614462236563364 0.5026636646412044 0.0449973464012146 0.04229202835648283 
7 0.5275510851542151 0.5010183376736113 0.06666426340738857 0.03703739872685219 
7 0.3416144816080731 0.5181945348668984 0.021146036783854547 0.04527759693287071 
10 0.5117970784505208 0.3599070457175929 0.38786417643229165 0.37592664930555625 
13 0.7691292047500611 0.4607760711952492 0.05404616991678874 0.11704367884883174 
7 0.3671134273211161 0.5064016695375796 0.06886532306671142 0.031359835024233215 
