7 0.7603875223795574 0.7999002626207147 0.05224578857421894 0.060170895611796976 
7 0.6575564575195315 0.8082830570362233 0.07686625162760473 0.06193648444281684 
7 0.4524263000488285 0.7682688603577794 0.06535573323567784 0.03987105404889075 
7 0.7027907856305442 0.783961496706362 0.03610240459442101 0.05940519827383502 
7 0.5518488566080729 0.7641919835408527 0.06505228678385416 0.046718023794668356 
7 0.40935048739115415 0.8292479564525458 0.0929718081156409 0.06442039207175825 
7 0.3182703693707784 0.8016709151091399 0.0318532387415568 0.06442038924605759 
7 0.6251993815104167 0.8277636718750003 0.10741373697916666 0.0708977141203697 
7 0.5222643025716148 0.8156866695262772 0.09526306152343787 0.05859556127477474 
10 0.5392966842651367 0.47819408275463 0.5383854420979816 0.7921303530092599 
7 0.7366929117838542 0.7691280548660845 0.05223917643229185 0.04084870232476095 
