7 0.5264342244466149 0.7691007479914914 0.0902565511067716 0.05468297746446364 
7 0.47455596923828125 0.7268304217303247 0.0618255615234375 0.03717936197916532 
7 0.530898895263672 0.7212477387322325 0.054973042805989775 0.0308288107977963 
7 0.5696980794270833 0.729284848107232 0.0618255615234375 0.03717936056631583 
7 0.3428156026204429 0.749782533292417 0.028639628092448296 0.054010234408908085 
7 0.3076751708984375 0.7378398980034726 0.049204508463541664 0.03857946325231549 
7 0.29583333452542654 0.7610158051384823 0.04916666905085189 0.059624202869555894 
7 0.4324567667643232 0.7792594401041671 0.0989406331380214 0.062407045717593604 
7 0.6316668701171878 0.7781891992357041 0.0890620930989589 0.05897171444363031 
10 0.4948958269755048 0.45561521176938624 0.5009374872843418 0.7164152470341428 
7 0.704748026529948 0.7510648148148154 0.0253997802734375 0.05398148148148249 
