7 0.6408595895767211 0.6504630533854172 0.04151125272115053 0.06166648582176027 
7 0.3110710034767787 0.5699684611073247 0.027137734492619834 0.028845704043353047 
4 0.0826890230178833 0.535053034181948 0.08758467038472494 0.07044424834074797 
10 0.5757407124837244 0.44539840133101855 0.30414357503255285 0.5184624565972222 
7 0.6239430805047353 0.6112881236606174 0.02769369681676229 0.03760265067771629 
7 0.63238515218099 0.6274510083375153 0.03408386230468826 0.04544382801762334 
7 0.5268018484115601 0.618415426324915 0.027218198776245116 0.03495006561279297 
7 0.5182753711938858 0.6388343493143718 0.026562339067459105 0.05013686992503979 
12 0.18560211181640654 0.3748281069155096 0.059837443033854736 0.7146030454282414 
7 0.5134637459119157 0.6599998191550925 0.03692708492278977 0.062407769097222225 
