7 0.6349039713541667 0.43129133295129846 0.043614705403645836 0.020113047847041376 
12 0.8111987868944804 0.336846579445733 0.017544261614481606 0.055966741067391856 
12 0.3581145167350769 0.2898291411223235 0.039154855410257976 0.16020479555483216 
7 0.5684872547785441 0.4426387080439815 0.05103294054667155 0.027685546875 
7 0.0747500499089559 0.5043972227308485 0.12690895398457844 0.09648433261447482 
7 0.6678880234559377 0.43694265683492023 0.04493945837020874 0.024035414942988644 
7 0.6160933534304301 0.4388048392755014 0.04646282990773519 0.023019834801002784 
7 0.5448050121466319 0.43595518006218803 0.05361657540003459 0.02302798165215386 
12 0.8552343750000001 0.2849224175347226 0.02026041666666648 0.3268218315972229 
7 0.584074588616689 0.4323112267035025 0.05017330646514893 0.02157051474959762 
10 0.6296229553222659 0.3348611082854101 0.26398325602213596 0.24305554990415085 
7 0.7120203653971354 0.43323639728404806 0.0452301025390625 0.023325008109762808 
