7 0.6774101456006368 0.6865816893400969 0.07568109035491943 0.14565867671260127 
7 0.4480630874633789 0.5649065476876718 0.12306404113769531 0.07312183380126953 
7 0.45859289964040123 0.6699099293461552 0.16913078625996908 0.16613279272008824 
7 0.36728251139322954 0.5441409817448368 0.11220581054687576 0.08306639636004412 
7 0.19125215212504068 0.5326304400408709 0.09268191655476889 0.09266973424840856 
7 0.23334325551986695 0.4873381321518511 0.10227916240692139 0.04578737541481267 
7 0.1864536166191101 0.4731589317321777 0.10337598323822021 0.0517215092976888 
7 0.042632158597310385 0.4673088250336824 0.04496992429097493 0.07122065932662398 
7 0.873028767903646 0.7626290921811705 0.12602579752604204 0.19362660160771122 
10 0.1716551939646403 0.3605108868634261 0.21935205459594725 0.5023115596064818 
10 0.48598640124003084 0.43944442183883103 0.40832737604777 0.7974073621961806 
10 0.8447903951009115 0.4481944444444446 0.3104192097981771 0.8963888888888892 
7 0.13517711957295736 0.4371097176163285 0.05127668380737305 0.029248732107656973 
