12 0.6319258054097493 0.3666542265150282 0.015941047668457033 0.06012051900227865 
10 0.5233123270670574 0.35166928891782456 0.19993784586588578 0.27592068142361215 
12 0.7839044698079429 0.2542596209490747 0.06469106038411496 0.40796223958333466 
7 0.5707268853982289 0.46546022627088757 0.05826895634333293 0.03375790913899739 
7 0.5087500508626306 0.4714771620432539 0.02822906494140701 0.031472842605025 
7 0.47472024321556083 0.4641668475115744 0.02954505999882997 0.03037000868055623 
7 0.5280468750000001 0.4571773726851857 0.05505208333333371 0.026941550925926937 
13 0.5220553701122602 0.41956796151620424 0.010739768544832865 0.054012225115741754 
7 0.7499057628711067 0.41783989358831336 0.028249025742212552 0.01911801055625633 
10 0.8452290872732798 0.35673632268552424 0.053060917059580485 0.0491895145840115 
12 0.4178302566210429 0.3500515196058485 0.011313589413960774 0.07433083145706743 
7 0.49668683608373004 0.4524875729172318 0.044407200813293454 0.023562385417796948 
12 0.3828528920809428 0.38719391292995875 0.019262099266052247 0.06949958801269532 
