7 0.5770275108019514 0.5319142942075377 0.11415918827056828 0.07838660346137152 
7 0.49919766982396446 0.512596480758102 0.1059535264968872 0.06665889033564848 
3 0.9456250000000002 0.34255154221146195 0.10874999999999962 0.15566876729329426 
7 0.39094042778015137 0.5737395286560059 0.15070409774780275 0.09886071240460431 
7 0.3224985122680664 0.5447791170190882 0.12306404113769531 0.08307675255669487 
7 0.8352985699971517 0.7867221267135055 0.24153931935628256 0.21688500863534432 
10 0.5065602620442708 0.39447790922942017 0.6530253092447916 0.5117335962366169 
3 0.2792826255162557 0.3638506401909724 0.2269642988840739 0.07248390480324107 
7 0.722858578364054 0.505012659143519 0.0791542498270663 0.06553023726851953 
12 0.38940180460612006 0.20114285221806297 0.06734222412109432 0.2641375562879771 
7 0.6274078369140625 0.48013888888888906 0.082684326171875 0.04731481481481515 
3 0.746527048746745 0.34048951043023074 0.05038340250651079 0.06449753937897724 
