10 0.6149128150939944 0.3630104347511574 0.38107563018798774 0.22324309172453705 
7 0.47344830135504407 0.4566786730730975 0.031990800301233926 0.030128902859157987 
7 0.5206726630528767 0.45295570691426595 0.05369884173075358 0.026066578759087456 
7 0.6155027091503144 0.4522787888844808 0.05712643067042033 0.02674363100970233 
7 0.6694870332876841 0.457694873103389 0.02189846436182658 0.036899439493815106 
7 0.7164265275001526 0.45244763162400986 0.05941148598988851 0.029790373201723452 
7 0.5520033180713654 0.4567674530877007 0.028201989332834878 0.03206427538836444 
13 0.3460563659667969 0.41092809606481534 0.11958465576171876 0.1268475115740751 
7 0.7633351995547614 0.45614800771077507 0.025003732442855645 0.033221941347474734 
13 0.8160879835486412 0.4426150374942356 0.01359991729259491 0.03868421271995262 
