3 0.9383529663085938 0.3393517614293985 0.1232940673828125 0.20314832899305624 
7 0.7042394479115804 0.7784852416427047 0.3281932512919108 0.18692382529929832 
7 0.1767240047454834 0.9154629629629636 0.3534480094909668 0.16907407407407274 
7 0.7545652468999227 0.4764360265378602 0.14372827212015787 0.07379797900164502 
7 0.541045093536377 0.4865554244429977 0.14511102040608723 0.07658487955729167 
7 0.3015044339497886 0.5009456599200214 0.1590505345662431 0.0829026045622649 
7 0.3096875031789144 0.4423274004900897 0.1339583396911621 0.051321467646846065 
3 0.4307436482111612 0.24291648582175943 0.24836270332336408 0.07546332465277812 
10 0.5241571044921879 0.352268481784397 0.8151232910156258 0.4273147413465705 
7 0.6933622280756633 0.43004737430148654 0.12161622047424317 0.06184351885760272 
7 0.5105427702267965 0.44198071515118637 0.12240593433380127 0.06324745460792824 
