7 0.5856161554654439 0.482477151023017 0.05181295871734619 0.027108888272885923 
13 0.26109826962153115 0.45238781681767215 0.12602547804514566 0.16443636858904803 
7 0.4094935874144236 0.49239428838094074 0.055526888370513915 0.027258194817437065 
7 0.5029523452123006 0.48731559294241444 0.05095677375793457 0.026851961347791883 
10 0.9253463745117188 0.40783665974934896 0.1493072509765625 0.1815858629014757 
7 0.37739675442377724 0.4994250085618761 0.035613210995992024 0.034979212725604024 
7 0.46266847451527915 0.49541648582175923 0.037836949030558266 0.03231517650462963 
7 0.567785253127416 0.4889307544849544 0.041522451241811115 0.031212565104168016 
7 0.6369385282198589 0.4836955814008366 0.044710389773050946 0.029613385023892786 
7 0.9585942204793293 0.4822686993634264 0.06708468119303367 0.03231445312500101 
10 0.5146270751953125 0.402672938594112 0.369183349609375 0.22534587718822272 
