7 0.6320748901367191 0.4811083129600244 0.07585021972656326 0.043512922216344424 
10 0.5110626729329429 0.35884258128978586 0.8646454874674485 0.4510184959129051 
7 0.25869934082031276 0.5383196837813767 0.11676798502604223 0.06626899719238248 
7 0.45851979573567736 0.5166324919241451 0.09941874186197973 0.057709428292732644 
7 0.4222089640299482 0.500595075112802 0.0866237386067714 0.048412372447826243 
7 0.24818339029947936 0.5115630474797003 0.09915405273437537 0.04516313199643702 
7 0.694341990152995 0.491062287931089 0.08704518636067746 0.048791242528844765 
7 0.8278097534179688 0.4780375664322466 0.07885965983072936 0.04477883656819628 
7 0.7505592854817711 0.4672920333014594 0.07471476236979223 0.034584066602918836 
9 0.5211506144205733 0.47771768358018696 0.024782104492188258 0.06062055234555778 
12 0.5900740559895837 0.3224138471815321 0.09526855468750076 0.3466795462149161 
