7 0.2677741269270579 0.48276692708333385 0.04798620144526164 0.07113281250000102 
7 0.3945601065953573 0.4991562454788773 0.04837009112040202 0.09242598922164352 
7 0.5921531856060028 0.5439061306141041 0.025007665157318115 0.08716121956154152 
13 0.5560941020647685 0.810030605174877 0.10661162535349528 0.34621138396086515 
7 0.4255480957031253 0.5304518311112015 0.07421630859375057 0.05791248745388455 
10 0.5504644234975179 0.4746513507984303 0.1518657366434733 0.2377467120135272 
7 0.5348825852076212 0.5522686089409725 0.07505590120951335 0.06527759693287104 
7 0.9249429504076639 0.5788985376004819 0.07067956129709879 0.04562802138151946 
7 0.9681889855861665 0.5587181479842575 0.04460713783899924 0.05131397247314453 
10 0.4234525553385419 0.45481445312500035 0.15809488932291724 0.22037109375000066 
