7 0.41439833243687946 0.5052580621507433 0.06874214013417562 0.03351417117648654 
10 0.40394307454427103 0.396851490162037 0.49857218424479205 0.2914822048611111 
13 0.651736530661583 0.4916589101155599 0.016055458784103395 0.049530566180193865 
10 0.9340604146321615 0.40289149814181857 0.1318791707356771 0.2770756756817853 
7 0.591473795572917 0.5054271786301224 0.04090657552083409 0.0406232374685782 
7 0.48894849320252737 0.5099974402674923 0.03160995841026306 0.04299292740998445 
13 0.06006689071655273 0.4559556183991609 0.12013378143310546 0.18783535427517362 
7 0.5330314636230469 0.50153377144425 0.06798044840494792 0.032160063143129705 
7 0.2235014239947001 0.5182906044854059 0.04036934375762939 0.04400850931803386 
7 0.28748262325922647 0.5098272818106192 0.07426435947418213 0.03385269730179398 
7 0.3356593718131383 0.5155826621585422 0.02399310072263082 0.04265440128467701 
