7 0.6351180811723073 0.5089594046274821 0.015090898672739664 0.02567163043551975 
7 0.7046984354654948 0.5078241644965281 0.020290629069010416 0.025462782118056228 
13 0.3789372253417971 0.47539307982833295 0.0928547159830733 0.10358925572148076 
7 0.4784636433919275 0.512361291956019 0.023176879882813257 0.02583297164351953 
10 0.931964111328125 0.4240799303408022 0.13607177734375 0.2291838045473452 
10 0.5901096598307295 0.43773279825846423 0.2910306803385424 0.16916930022062943 
7 0.5395184487104416 0.5095236407385932 0.013329499959945678 0.02567163043551975 
7 0.5132559180259705 0.5072667448608964 0.04236876964569092 0.023414783124570494 
7 0.6684415976206461 0.5054329836810076 0.04555832544962565 0.02313267743145978 
7 0.589496237039566 0.5075488867583098 0.043178061644236244 0.022286358586064092 
