7 0.5330502490202585 0.47093190087212455 0.04608198404312134 0.024712470725730615 
13 0.3838987270991007 0.4303185032032161 0.1003597100575765 0.10526663603605912 
7 0.6157785455385844 0.471946092888161 0.04781482219696045 0.024035414942988644 
13 0.785337961713473 0.46555951789573385 0.011831929286321005 0.03336512954146774 
7 0.7416568825642268 0.4778704625588876 0.019613407055536904 0.02911332095110858 
7 0.6617752621571223 0.4771937555736966 0.02094635764757792 0.028436266934430156 
7 0.4929668972889582 0.47240379050925996 0.029134478171666464 0.02630353009259394 
7 0.7029731750488282 0.47380570023148166 0.050824483235677086 0.025721932870370705 
10 0.6134895896911625 0.39592610677083384 0.32291667938232343 0.18925889756944544 
7 0.5600867261489232 0.47437393223797836 0.024458120266596477 0.02550567697595667 
