7 0.2925616979598999 0.5151964116979528 0.14929575920104982 0.0793927510579427 
7 0.736970067024231 0.47628267606099445 0.14551911354064942 0.05621299390439634 
7 0.6988903919855753 0.4412256911948875 0.11219932238260905 0.0634662840101454 
7 0.31803006728490196 0.46430333808616353 0.1244197130203247 0.059035640292697485 
7 0.5091413656870524 0.4467539469401042 0.11731227238972981 0.044996247468171297 
7 0.09277963638305664 0.8509691379688404 0.18555927276611328 0.12719688415527344 
3 0.8782982587814331 0.338833704347964 0.13835819562276205 0.20970444573296373 
7 0.8825620174407959 0.6959743641040943 0.1753169059753418 0.13056634973596642 
13 0.1964119628071785 0.41855290200975204 0.01213341454664866 0.05859017901950413 
7 0.5207935015360514 0.7591513810334383 0.305620002746582 0.1642608783863209 
10 0.5065405273437501 0.36462944313331835 0.7953564453125002 0.41388887758608117 
3 0.47123265584309926 0.2674006250169542 0.23805552164713598 0.07798882237187138 
7 0.5184399286905924 0.4972959801002785 0.13820025126139324 0.07307503311722367 
