7 0.37930768926938374 0.535692994506271 0.027649192015329997 0.0508304334569857 
7 0.6423119266827901 0.5115972978097422 0.04702517986297607 0.04127546946207682 
7 0.49269709269205747 0.5245271382508454 0.03460581461588579 0.0455386515016909 
7 0.7467611694335938 0.5029961391731544 0.05606099446614602 0.0406638639944571 
7 0.6832489518324536 0.49873093322471335 0.06003957033157311 0.03294544573183413 
10 0.5776962788899742 0.40111102068865756 0.500128275553386 0.3131479673032404 
13 0.191142471631368 0.485466950028031 0.1970340887705485 0.2162066141764323 
7 0.4327781836191813 0.5231048531002469 0.07197930018107096 0.041070093931975186 
7 0.5581019600232442 0.5129490375518799 0.07131663163503012 0.03944516711764866 
13 0.8110726336638133 0.4824078824785021 0.018133223056793213 0.0483552614847819 
