7 0.3851753910382589 0.497374584056713 0.05680911540985108 0.02932490596064815 
7 0.34395838419596364 0.5051851851851855 0.04031239827473977 0.03444444444444512 
7 0.9262866914272309 0.49559416594328703 0.056731911500295 0.02769187644675926 
7 0.46882647077242534 0.492786294442636 0.051785631974538164 0.0267202306676794 
7 0.25265221993128456 0.5103725503992151 0.038695756594340006 0.036728173715096936 
10 0.38859115600585975 0.411575119583695 0.3758385213216153 0.2316499498155382 
7 0.2875219233830767 0.5023977322048613 0.060148216883340905 0.02964898003472256 
13 0.12387975056966145 0.46216569123444734 0.1412165323893229 0.17987970422815394 
7 0.8136837939421336 0.49103927788911045 0.058287998040517174 0.02674363100970233 
7 0.8878532588481903 0.4996715898867007 0.06533359289169312 0.033175645051179106 
10 0.8578646341959636 0.4063424117476854 0.2842707316080729 0.2245373987268522 
7 0.4520775604248049 0.49830050998263886 0.04144678751627566 0.0311767578125 
7 0.5192102050781254 0.49406150535300924 0.04220458984375076 0.029469581886574073 
