9 0.5026107279459637 0.5038269855357983 0.022070210774739963 0.06043174884937428 
10 0.26952051798502624 0.39594500506365743 0.49866729736328164 0.4044062861689815 
7 0.19415832519531287 0.5588166469997835 0.11157918294270909 0.06059625696252793 
7 0.22089696248372423 0.5370714018079972 0.09445607503255266 0.04803169250488248 
7 0.3933069864908854 0.5429930778785993 0.09880269368489583 0.0548750446460855 
7 0.3900929260253908 0.5267292432431826 0.0846058146158858 0.042717745745622544 
7 0.6558971659342452 0.5197458267211914 0.09539316813151118 0.05245461640534577 
7 0.8204244486490888 0.5087307442559138 0.09540110270182349 0.04875778480812322 
7 0.7597820536295576 0.4987659185904047 0.0818942260742195 0.04160591125488214 
10 0.7293268839518229 0.3697353334780094 0.4496795654296875 0.3578040002893515 
12 0.5925137329101564 0.34790927180537506 0.10997253417968787 0.35100372879593394 
