7 0.6225743611653646 0.7279393549318667 0.10328877766927083 0.05966741067391855 
7 0.41740273316701226 0.6825926830150466 0.10949316978454533 0.054629448784722895 
3 0.7972985545794169 0.6048026561737061 0.04675775369008382 0.05674253746315285 
7 0.46602171659469604 0.7169546459339287 0.12214759985605876 0.06687225483081892 
7 0.560235861937205 0.692256353519581 0.09114636580149332 0.051477767803050856 
10 0.5897096252441411 0.5904628725405094 0.5496432495117195 0.35444462528935217 
12 0.4879899243513743 0.40387099937156395 0.03263980150222778 0.18798107571072048 
3 0.9466819763183594 0.6494068357679579 0.10663604736328125 0.12348815070258247 
3 0.409846804936727 0.5287552374380606 0.14250610987345358 0.08131147314001012 
7 0.10728282928466797 0.8080934030038339 0.08339398701985677 0.14404415554470487 
7 0.7801814778645835 0.9432151511863426 0.20172037760416686 0.11356969762731481 
7 0.9483593750000002 0.8813354209617332 0.10328124999999962 0.10043668393735532 
7 0.7553453008333842 0.737863588686343 0.07670114040374756 0.05260615596064916 
10 0.6897444645563762 0.5575316393816913 0.14035115242004395 0.29230756406430847 
7 0.6717471996943156 0.7027589780312997 0.06919325192769368 0.04780492076167354 
