7 0.6629518727461498 0.49001502990722656 0.060011208057403564 0.02693399499963831 
7 0.7188634157180787 0.49291854964362253 0.04265440305074056 0.03490213111594871 
13 0.2624144236246745 0.4646425176549841 0.14971694946289063 0.16320792304144965 
7 0.45370181401570636 0.5023974727701258 0.059601910909016925 0.02948570074858489 
7 0.4079050829013189 0.5108597525843868 0.022850571076075236 0.0376103471826624 
7 0.5018781900405884 0.5067977675685176 0.026468578974405924 0.03896445874814634 
7 0.5589094201723734 0.4981651094224718 0.060173169771830244 0.03185539245605469 
7 0.6286159948507943 0.49784781773885156 0.03577406326929709 0.033843783625848625 
13 0.7730778480569521 0.4780763626098633 0.015016576647758484 0.0423108560067636 
10 0.5734195963541671 0.40358986183449125 0.4119108072916674 0.25014268663194344 
