7 0.45022267659505244 0.5287646558549669 0.07346618652343674 0.04086264504326714 
10 0.4381770960489912 0.39226888020833334 0.6093750254313145 0.3534252025462963 
7 0.5827323913574218 0.5377695563987455 0.08786061604817709 0.04813170539008146 
7 0.631768544514974 0.5263527273248748 0.07917124430338542 0.039186936131229096 
7 0.5064472961425783 0.5202530094429305 0.0684154256184892 0.03513564851548802 
7 0.29540374755859394 0.5186357134359856 0.060911661783853786 0.03430846390900755 
7 0.3632859790325166 0.5100829255139387 0.04261362473169943 0.03109177695380283 
7 0.21155873497327207 0.5134103813877817 0.053429969946542616 0.030894836849635492 
7 0.28009562055269915 0.5053736337025966 0.05092040777206345 0.027784304442228083 
9 0.4450317899386088 0.5051460301434553 0.019819235801696776 0.05415418412950304 
12 0.5577319335937503 0.3689758950692639 0.08953613281250057 0.32924808643482284 
