7 0.398828125 0.4160894305617721 0.025260416666666667 0.024035414942988644 
10 0.280432332356771 0.3510606158221216 0.30653116861979207 0.18193604645905537 
7 0.28366177717844654 0.41964411117412426 0.046906887690226044 0.02437394283435963 
7 0.23748937209447216 0.42444435402199077 0.019666651089985977 0.02611129195601852 
7 0.1618230183919271 0.4286773416731093 0.0180206298828125 0.02865097964251483 
13 0.051716530323028566 0.3881146014178242 0.10343306064605713 0.11654857494212997 
10 0.7021155452728275 0.3357363609031398 0.32100192387898685 0.19425049958405605 
13 0.8858788045247399 0.3842697482638894 0.03272155761718807 0.09868272569444546 
7 0.6773513992627461 0.4174298056849727 0.046018513043721516 0.02626405292087131 
7 0.6422080794970194 0.41286888122558596 0.045431987444559736 0.027529935483579283 
7 0.33441299200057983 0.41916088704709653 0.022772924105326334 0.025134563446044922 
7 0.19823898315429697 0.42328526655832976 0.04998036702473977 0.026570533116657517 
7 0.7221795996030171 0.4158781016314471 0.049985623359680174 0.02880300592493128 
7 0.3613905417919161 0.4147354593983403 0.043406083583831405 0.02335836092631022 
