7 0.344573923746745 0.6326479947125471 0.1324146525065108 0.08381450794361256 
7 0.6693048095703129 0.5465177140412514 0.09722371419270909 0.05988727993435195 
7 0.5880274454752604 0.5753237123842593 0.035924275716145836 0.06972294560185185 
7 0.7946697481473289 0.5461645239370843 0.07350616296132367 0.06621793676305666 
7 0.7244769287109373 0.5753180793479639 0.12687947591145796 0.07822875128851962 
7 0.36988886515299463 0.5918515537403252 0.09959726969401003 0.062036440813982255 
7 0.2567515055338542 0.6266775809393991 0.05368448893229167 0.07816997669361223 
10 0.312044366200765 0.44048076488353655 0.40803953806559246 0.4904059742115149 
10 0.7207718912760422 0.39063539293077293 0.40803955078125115 0.469789304380063 
13 0.029479166666666855 0.6710241247106481 0.05895833333333371 0.4078125 
