12 0.3684668986002606 0.46843135127314867 0.02577453613281288 0.3964923321759249 
10 0.7861348470052083 0.6593475115740746 0.34252726236979164 0.3903616898148138 
7 0.5498551432291673 0.7230450665509259 0.0693977864583322 0.05004340277777778 
7 0.5131340535481769 0.7032326027199074 0.06605977376302122 0.04594364872685185 
7 0.40789581298828165 0.7488009982638889 0.08777079264322842 0.06127025462962963 
7 0.3768353780110677 0.7255325882523148 0.08486684163411458 0.055249927662037034 
13 0.12240346272786458 0.6011822735821759 0.0409271240234375 0.15289803964120371 
7 0.7765365600585937 0.741700122974537 0.0563018798828125 0.04714084201388889 
7 0.835296630859375 0.7665567129629633 0.058573404947916664 0.0512615740740734 
7 0.7429515584309901 0.7987594039351852 0.07357604980468864 0.07132523148148148 
7 0.6818942260742186 0.7657823350694445 0.07089904785156212 0.05825014467592592 
10 0.4722951253255208 0.6030996817129629 0.36949259440104165 0.38555772569444446 
