13 0.02985168457031288 0.7109234845196759 0.05894246419270909 0.2027587890625 
10 0.8468490600585937 0.6669907463921441 0.3063018798828125 0.4839814927842882 
10 0.5039360046386718 0.6627744321469907 0.47991485595703126 0.5002215350115741 
12 0.35778986612955727 0.4826470269097222 0.025101216634114583 0.5274215133101852 
7 0.3975537618001302 0.8209798177083333 0.10717926025390626 0.08393735532407408 
7 0.4501271565755208 0.8414867259837963 0.11096394856770833 0.09102105034722222 
7 0.8901987711588542 0.8298701533564815 0.08446858723958334 0.08854166666666667 
7 0.8023442586263021 0.8091516565393518 0.08247578938802083 0.08039460358796297 
7 0.6188644409179688 0.7845368561921297 0.08446756998697917 0.07224934895833333 
7 0.5633026123046875 0.7676784939236111 0.08167928059895833 0.06729058159722222 
