7 0.8002665201822917 0.6948635525173611 0.037491861979166666 0.05755298755787037 
7 0.7637430826822916 0.7423312717013889 0.049666341145833334 0.07870189525462963 
7 0.570958964029948 0.7423312717013889 0.06557515462239584 0.07771809895833333 
7 0.4986043294270833 0.7327392578125 0.068896484375 0.07132342303240741 
10 0.8465164184570313 0.5907710322627315 0.27661031087239585 0.47130443431712965 
7 0.3679364522298177 0.8096471715856481 0.10326080322265625 0.10211769386574074 
7 0.45511118570963544 0.8214527271412037 0.09877827962239584 0.11156141493055556 
7 0.8770482381184895 0.7006433557581019 0.03306376139322917 0.060750325520833336 
7 0.856573486328125 0.7510624638310185 0.0435791015625 0.0818992332175926 
10 0.4512677510579427 0.6175830982349537 0.47190704345703127 0.5960838035300926 
12 0.3019691467285156 0.41528501157407405 0.030121358235677083 0.6221969039351852 
