12 0.5450676989555362 0.21802969473379663 0.07107289791107121 0.4041257957175933 
13 0.7653126017252608 0.3687126555266205 0.010937296549479924 0.04331542968750034 
7 0.6846917887528737 0.44102242787679036 0.03486616214116414 0.03320949695728443 
7 0.6018592993418376 0.4425452408967195 0.03258110682169597 0.03693329139992043 
7 0.5565388619899749 0.4401765205242016 0.02801099220911662 0.0376103471826624 
7 0.6474653204282125 0.4667505935386375 0.044577654202779135 0.04607352504023799 
7 0.5919570426146189 0.4665812545352512 0.03791290521621704 0.04912026370013202 
13 0.3321514383951827 0.3869572533501519 0.05069712320963617 0.19362660160771122 
10 0.672198232014974 0.3335573323567713 0.29883270263671874 0.3378554054542814 
7 0.6823909709850947 0.4275651225337276 0.03210982282956441 0.027934787891529225 
7 0.6436130970716476 0.42591274402759693 0.029377073049545288 0.02914934511537905 
12 0.8054934849341711 0.32133941650390624 0.030825430154800416 0.1387508816189236 
7 0.7286780107021333 0.4425463570488824 0.03943935473759931 0.03557918689869068 
