13 0.4882700870434443 0.46883588013825594 0.016068575779596965 0.10756108319317853 
10 0.6021104431152348 0.4255015055338542 0.342029113769532 0.42322523328993056 
3 0.09669160048166911 0.4931943416595459 0.16784202257792155 0.0565962932727955 
13 0.14330734809239706 0.4083729072853371 0.03293224175771078 0.09364468609845197 
8 0.9278155068556467 0.5549038392526132 0.04047293265660604 0.07663168024133753 
8 0.9617075701554616 0.5815201088234231 0.05560915072758992 0.07721664993851274 
7 0.5929765383402507 0.8238105915210865 0.09097525278727213 0.2395681593153212 
9 0.31554909348487853 0.5019788459495261 0.03984350760777791 0.06558601944534867 
7 0.08471909761428834 0.5906505549395525 0.11333264509836832 0.04757172619854962 
3 0.2277291973431905 0.49716849150481046 0.0808347781499227 0.048387908935546876 
7 0.3102862040201823 0.5956350926999693 0.12149810791015625 0.048679401256419993 
