8 0.49621820747852324 0.7424792024824355 0.03331979711850484 0.04593749929357458 
13 0.7230020622412364 0.7374931971232096 0.040138645966847734 0.07765385663067853 
7 0.6009697715441386 0.7875009660367612 0.04069686730702718 0.04387309816148546 
13 0.6192100127538045 0.7215361418547453 0.016396506627400716 0.06922969111689815 
12 0.9339822868506114 0.6337192394115306 0.031166477998097738 0.340501629864728 
7 0.3727022687594096 0.8140279504987928 0.05713854630788167 0.05498732460869683 
7 0.512951151529948 0.7838054339090983 0.0538330078125 0.048271313420048464 
7 0.3599067687988281 0.8321927381444859 0.08383229573567709 0.07438619966860137 
10 0.4589064534505212 0.7199028919361252 0.42010375976562575 0.3338813047055838 
7 0.5009984731674194 0.8017189096521449 0.07565824190775554 0.056060070461697045 
