10 0.5410416158040368 0.36898279543276186 0.47812510172526096 0.4481507760507089 
3 0.16850360234578451 0.5374721385814526 0.15169124603271483 0.12284466778790509 
8 0.8580247640609742 0.6377950597692419 0.16913078625996908 0.20181624801070602 
7 0.7218224505583445 0.44989458631586143 0.04190946817398071 0.02028794288635254 
3 0.530245382587115 0.45280273931997794 0.026562339067459105 0.04051758801495588 
9 0.6103423133492469 0.4377911603009259 0.01229737897713979 0.04430700231481482 
7 0.6455505112806956 0.48485918751469365 0.06493016481399536 0.029802287066424335 
7 0.5642105102539062 0.5220071615996185 0.0897216796875 0.060444083037199794 
7 0.4460328165690105 0.5408955997890896 0.07105936686197936 0.06883908730966073 
7 0.4855154752731323 0.5567206700642904 0.11049933433532715 0.07387609128598814 
