7 0.5603842671712244 0.6706996617493806 0.0843356323242195 0.057386013313576026 
7 0.12963231404622397 0.6519223460444697 0.07302703857421874 0.05212124012134693 
7 0.6177536308765411 0.713695925253409 0.04507960875829061 0.0766901722660771 
3 0.5158966501553853 0.6162973086039225 0.1244131326675415 0.06908550262451171 
7 0.45469394127527873 0.6894192342404966 0.06781683762868246 0.06908550262451171 
3 0.12062864899635314 0.593073394563463 0.054345269997914634 0.049612500932481554 
7 0.640450676282247 0.6686260258709943 0.08896613121032715 0.0458367594966182 
10 0.5085677083333338 0.5538660176595057 0.3655729166666674 0.44421351680049087 
7 0.20078712463378898 0.6605555548491304 0.0650121561686196 0.054074072661222564 
9 0.822734514872233 0.6408749276620374 0.07077827453613281 0.08899088541666735 
10 0.19388020833333333 0.5308046750669131 0.38776041666666666 0.36660935013382423 
