7 0.6745800614356995 0.4315650984092995 0.04269649982452393 0.024485448554710104 
8 0.7750982522964478 0.5891200242219148 0.1440441608428955 0.17108401545771845 
8 0.9588600158691406 0.5099381941336173 0.08227996826171875 0.11717275690149379 
3 0.14935299555460613 0.5285608079698351 0.13600660959879557 0.12089476408781828 
7 0.4508436719576518 0.5356295585632325 0.10337598323822021 0.06873452221905743 
9 0.5690849632024765 0.42323712596186885 0.013679569959640503 0.042734379238552514 
7 0.6025276859601338 0.4671167370125103 0.06197879314422607 0.028307548099093294 
3 0.4926468402147293 0.4389813264211019 0.02550567587216695 0.038865792309796365 
7 0.5241944511731466 0.5032110779373734 0.08390729427337647 0.05362267670808015 
7 0.4135515371958415 0.5256354614540383 0.06772909164428711 0.06727208031548394 
10 0.5018750000000002 0.35676129659016925 0.4339583333333337 0.41444851910626446 
