10 0.5349479675292969 0.3959335694489651 0.46916656494140624 0.44316379688404123 
9 0.5996799801786741 0.46691577876055684 0.01229737897713979 0.04412886654889142 
7 0.4370787302652995 0.5681442613954897 0.07184219360351562 0.06580964547616464 
7 0.47683855692545574 0.5839994840268741 0.11077957153320313 0.07114711620189425 
8 0.8468832651774089 0.6688082235830801 0.16678797403971354 0.20056675098560475 
7 0.5544390797615051 0.5503512311864782 0.09048826694488525 0.06434721063684534 
3 0.5203417589267095 0.48036152874981913 0.02734937071800232 0.04022609569408275 
7 0.6356908698876699 0.5131338614004629 0.06573293606440227 0.0287109375 
7 0.7106411675612132 0.47883941155892834 0.042129909992218016 0.021052304020634405 
3 0.15754639307657878 0.5632988541214554 0.15399456024169922 0.12407311333550347 
