3 0.07039062182108562 0.34925925784640877 0.14078124364217123 0.05925925643355691 
3 0.8466629028320313 0.44724193431713033 0.3066741943359375 0.11273835358796432 
7 0.9052813720703128 0.5198000745420106 0.11110392252604223 0.08737792686179764 
7 0.8154691584904986 0.5165742549189821 0.06604166984558049 0.08055519386574209 
9 0.6313471476236979 0.4772528217456957 0.0237640380859375 0.07746932983398404 
9 0.6654235333204269 0.47375223724930376 0.009511210521062215 0.0715134444060149 
9 0.6565672680735588 0.4743719454164858 0.008376845717430114 0.07337496722186053 
9 0.6478412851691246 0.47615588152850113 0.009947503606478373 0.07415059407552084 
10 0.8734112596511845 0.39470350477430555 0.2531766859690341 0.3142966941550926 
11 0.5651042683919272 0.39939779210973636 0.27249979654947937 0.22805629023799123 
