8 0.6026038614908856 0.8005025891904485 0.03770894368489621 0.053042215417931235 
8 0.5699028015136719 0.8109643759550872 0.038840230305989584 0.05711393709535952 
7 0.04596354166666667 0.9462466169286657 0.09192708333333334 0.060485493695294414 
7 0.05955729166666686 0.9094094135143139 0.11911458333333372 0.060485493695294414 
8 0.6243082682291666 0.7864670138888894 0.03211263020833333 0.04799189814814916 
8 0.67462158203125 0.756243760850695 0.026277669270833335 0.03621618200231583 
7 0.3155494213104248 0.852490739469175 0.07790466944376627 0.08845948819760922 
8 0.46851842403411864 0.8067841466267905 0.03792389233907064 0.05782755251283965 
8 0.5193318176269534 0.8116876644558378 0.04123219807942746 0.060227180763526865 
11 0.44000001271565786 0.6430824901439522 0.37812502543131454 0.33394420482494147 
12 0.060112457275390815 0.7347222222222223 0.0476917521158858 0.5305555555555556 
