12 0.10633773803710937 0.41513129340277777 0.033678690592447914 0.1327003761574074 
11 0.5345200602213542 0.467963143807871 0.11543904622395852 0.11851815682870505 
12 0.4145227154095968 0.3516734342221862 0.06498293081919353 0.3281616832591866 
12 0.29694381713867224 0.39443151403356497 0.04090403238932368 0.18261845341435218 
12 0.03249170939127642 0.39587501808449127 0.04168324788411534 0.1912129267939825 
12 0.14808151245117215 0.430852864583334 0.029670308430990153 0.10847945601851987 
9 0.5450403024752934 0.506423826570864 0.013376706838607788 0.040095555340802225 
9 0.5543836975097657 0.5068213794849541 0.005920104980468939 0.03950538917824142 
9 0.5614496358235679 0.5069693106192129 0.006996561686198295 0.039765082465277775 
9 0.5695481872558598 0.5069972511574078 0.008716125488282008 0.040079571759259934 
3 0.881091054280599 0.49677809609307183 0.23621266682942707 0.07133939531114367 
