11 0.7293489074707035 0.39470095457854093 0.18546885172526117 0.1447368339256004 
10 0.2888779163360596 0.42895496227123137 0.18032439549763998 0.13550251713505465 
12 0.054895630081494555 0.37946298104745385 0.014895833730697442 0.15329626012731515 
12 0.09531250079472879 0.3466328486689808 0.03520833492279015 0.1017834924768505 
12 0.12720204671223978 0.3763425925925933 0.02445007324218788 0.15175925925926062 
12 0.43773437480131794 0.28935920574046947 0.026927082935968846 0.12038507814760561 
7 0.5703436076641083 0.46009892216435233 0.029605265458424887 0.0386910445601862 
13 0.9515010579427085 0.4004628725405096 0.051789550781250186 0.09574092158564883 
7 0.33234965006510414 0.48115921585648197 0.050862630208333336 0.026200086805556567 
7 0.2545539347330731 0.48650110209429703 0.04630879720052121 0.020224426410816333 
