9 0.6422129136820635 0.5106754557291668 0.005933599174022674 0.05938982928240774 
9 0.6300146484375001 0.5116726345486111 0.019241536458333524 0.061839916087962965 
3 0.058203125 0.3901518185933431 0.11640625 0.06275263892279731 
7 0.7797084045410159 0.542109555844908 0.039333190917969316 0.06281792534722357 
7 0.8378865051269533 0.5399521665219911 0.07703948974609413 0.05565122251157475 
7 0.9193525695800783 0.5542434353298614 0.08587819417317727 0.058550166377315485 
10 0.8666145833333336 0.4593334960937505 0.2667708333333328 0.23096263744213064 
9 0.6526015726725263 0.5082977068865746 0.004380187988281629 0.055256438078704714 
11 0.5561714172363281 0.4437553349247689 0.2366154988606771 0.19989673755787105 
9 0.6477935614685217 0.5093625217013891 0.005933599174022674 0.05738606770833367 
