12 0.11833292643229167 0.5888425869411894 0.02635498046875 0.17009258128978555 
12 0.6239062500000003 0.5605890118634265 0.01968750000000057 0.12382197627314916 
12 0.47216125488281285 0.5759677010995372 0.020156656901042423 0.2862127459490744 
3 0.8375782267252608 0.5888888885356766 0.09296854654947992 0.02648148077505539 
7 0.8825408935546875 0.5978291377314825 0.030751546223958332 0.022119502314816835 
7 0.8475052897135422 0.5986773003472232 0.029051920572917802 0.020423177083335353 
7 0.6890364583333337 0.601304434317131 0.025468750000000758 0.020168909143521214 
7 0.6558511352539066 0.6013429542824085 0.02725606282552159 0.021573350694446467 
7 0.22943572998046874 0.649305736400464 0.03383687337239583 0.030277416087964984 
13 0.9279168192545574 0.6063429486310034 0.0510413614908856 0.20824072943793268 
7 0.1982552083333341 0.6496298104745384 0.03453125000000152 0.029073712384261954 
7 0.34924489339192727 0.647940357349538 0.032656453450520456 0.03208224826389091 
7 0.3167445884148274 0.6471299913194445 0.03390625039736316 0.03351779513888889 
7 0.27337880452474034 0.6490281394675936 0.03688822428385568 0.033610387731483504 
