7 0.18126216729482014 0.7064323204535025 0.0319731871287028 0.02157051474959762 
3 0.6914068611462909 0.660370370370371 0.04822916825612348 0.019074074074072727 
12 0.8068845621744799 0.6391726345486118 0.019876708984376514 0.1094325086805569 
12 0.5139586385091149 0.637600731319851 0.016770222981771592 0.09705114435266499 
7 0.5182490845521291 0.6757356678998029 0.022931071122487386 0.02221062978108724 
7 0.5735535659392677 0.6742458581924439 0.020857131878534572 0.02305407170896177 
7 0.21020146409670512 0.7046832172958939 0.030169570446014406 0.020987528341787832 
6 0.16178558349609393 0.8258796289232055 0.020907999674479545 0.04009259117973906 
12 0.6125257364908862 0.6343051938657397 0.01536519368489735 0.09620370370370168 
12 0.2835414632161464 0.6061132812500006 0.04291707356770947 0.5079586226851865 
