12 0.4665364587306982 0.4444437154134111 0.0444270841280608 0.5940740627712667 
8 0.5883431951204936 0.5682350794474283 0.022955107688903808 0.026963142112449365 
8 0.5461906274159749 0.5658265516493058 0.022818470001220705 0.027976526331019193 
13 0.6289247393608093 0.49378219533849643 0.024048209190368652 0.06267108917236328 
8 0.6768163204193115 0.5681131168648049 0.023911571502685545 0.024776942641646774 
8 0.8031104286511739 0.5705092592592598 0.024048209190368652 0.02712962962963064 
8 0.8482278207937877 0.5738215932139644 0.026780958970387778 0.022590741404780634 
8 0.7579109857479731 0.5720003781495271 0.02459475795427958 0.024776942641646774 
8 0.71842207411925 0.5700561126073201 0.02486803332964579 0.02234782996001067 
8 0.631589126586914 0.5718779475600632 0.023365020751953125 0.0259914998654966 
12 0.07533854246139526 0.3718185763888902 0.03869791825612386 0.33839988425926193 
12 0.9803385416666667 0.44620442708333197 0.039322916666666666 0.7501851851851825 
