12 0.8804628423996921 0.5015017332854095 0.023148389274692704 0.1576330962004485 
12 0.8193516107253086 0.49784071180555556 0.018704185956790124 0.1154296875 
12 0.8587962962962963 0.4995030353687424 0.020679012345679013 0.13196686356155893 
10 0.8926042872299385 0.5117592578464087 0.06812475887345724 0.07870370087800135 
12 0.7714189091435187 0.5 0.07469304591049428 1.0 
12 0.8943825954861113 0.5031490523726865 0.033703944830247363 0.19333152488426195 
12 0.7268827155784324 0.5055201099537043 0.032160492885259934 0.2721079282407421 
12 0.8530548317049748 0.5034964526141131 0.037222221280319864 0.23014105337637442 
12 0.9314196325231484 0.5018520326967603 0.025061969521605387 0.15111074942129832 
12 0.9646292679398155 0.5054720052083347 0.03259331597222357 0.18405598958333602 
12 0.9773307291666669 0.5085640999122899 0.04002989969135847 0.23250001695420938 
12 0.8807409818672849 0.5038839947735815 0.04382667824074254 0.277396895797163 
12 0.6879940682870379 0.5100926010696977 0.0472217399691376 0.35537038732458043 
12 0.5183336950231484 0.5191511027018215 0.08456717785493872 0.5581155734591987 
12 0.1133950579607935 0.5 0.19209875789689293 1.0 
12 0.614418704185957 0.48024295877527307 0.028199628665123905 0.11817363456443504 
