12 0.757343750397365 0.545625729031033 0.05187500079472708 0.3597699765805845 
12 0.8134937540690108 0.5425466721146188 0.042699991861979925 0.2908333615903488 
12 0.6634821573893229 0.54796297426577 0.0657440185546875 0.4677778003833905 
12 0.488421936035157 0.5519907237865314 0.07971862792968902 0.6699073734989859 
12 0.04437500000000038 0.5 0.08875000000000076 1.0 
12 0.9352683512369794 0.5155555555555565 0.02342163085937538 0.10796296296296498 
12 0.9046648152669273 0.5374533434267387 0.027857869466146212 0.1821296324553293 
12 0.9563647460937508 0.5327244271172411 0.02091634114583485 0.12304072344744513 
12 0.9474986775716151 0.5234707768758131 0.022294311523438637 0.11194444727014477 
12 0.9213498942057299 0.5362771253232613 0.026362711588543183 0.16403573212800002 
10 0.3470835367838542 0.37521393952546434 0.3115620930989583 0.3704980468750027 
12 0.8830613199869798 0.5386114728009269 0.03137736002604281 0.20814742476852055 
12 0.852734476725261 0.5378219039351851 0.03682271321614697 0.24380063657407408 
