12 0.9201399739583337 0.4886566783763741 0.03357421875000076 0.22787035906756298 
12 0.1531510392824809 0.5 0.05057291189829508 1.0 
12 0.5061458365122481 0.5157866753472212 0.10197917302449469 0.7786111111111091 
12 0.6566146850585938 0.5091681190773283 0.07843729654947916 0.5857407520435455 
12 0.7435157267252606 0.5005551938657408 0.06369771321614622 0.4655562789351852 
12 0.8029948914051062 0.49484120686848926 0.053802282810210045 0.38468386049623776 
12 0.8458072912693031 0.4937152608235667 0.04598958253860322 0.3261349487304667 
12 0.8774218750000008 0.4919948832194004 0.04098958333333182 0.2841742282443563 
12 0.9007291670640314 0.49046188071921887 0.03750000079472784 0.25259259824399327 
12 0.9369105021158854 0.4514351851851862 0.030345662434895834 0.13416666666666466 
12 0.9493341064453129 0.45745371076795893 0.028310953776042425 0.13416668079517305 
10 0.11690104166666705 0.2705555555555562 0.2338020833333341 0.5411111111111124 
12 0.978619791666667 0.4625873565673828 0.02713541666666591 0.1742487872088397 
