12 0.04602101643880208 0.5402314786557798 0.020978800455729165 0.1267592536078559 
12 0.4329268391927087 0.5751848121925647 0.0694588216145841 0.5622214762369772 
12 0.29691151936849 0.5630560952645755 0.056072794596354926 0.4087040597421138 
12 0.22025441487630246 0.5555094401041667 0.045845336914063256 0.322314453125 
12 0.1695685831705731 0.5517133190013738 0.03867533365885455 0.2656481368453401 
12 0.13298583984375037 0.5493970644915542 0.034444986979167425 0.22527705722384916 
12 0.10736979166666648 0.5464359085648152 0.030364583333332956 0.19416666666666735 
12 0.08701070149739583 0.545000363102665 0.027020263671875 0.171666669492367 
12 0.07203186035156268 0.5427781366418912 0.02437377929687538 0.15536964133933806 
12 0.05785502115885398 0.5413888860631872 0.02262329101562462 0.14111110545970776 
12 0.730737101236979 0.5747685185185185 0.09560913085937463 0.850462962962963 
10 0.7575975545247398 0.4046296239782266 0.39751322428385455 0.40796295166015556 
