12 0.058056640625 0.47347240306713095 0.03284505208333333 0.21657371238426196 
12 0.12833333373069802 0.4820374072039562 0.044270834128061175 0.3050000169542087 
12 0.0992420450846358 0.4794448061342606 0.040474243164063256 0.2675918692129657 
12 0.07789154052734375 0.47620298032407443 0.03432108561197917 0.24240885416666735 
12 0.41549478928248124 0.5143055386013455 0.087864578564961 0.678611077202691 
12 0.2959185791015633 0.4980092649106626 0.07253784179687651 0.5219444557472511 
12 0.21812500079472935 0.49333405106155825 0.058854168256122344 0.4259259146231165 
12 0.1654627482096354 0.4872692334210418 0.0508453369140625 0.3554629460087502 
12 0.6443226114908858 0.524351490162036 0.1164589436848966 0.9512962962962943 
12 0.040677388509114586 0.471621090924297 0.030103556315104165 0.19731480916340877 
