3 0.5435937484105428 0.737638708043981 0.07416666348775228 0.14509259259259158 
12 0.9398206583658861 0.19106463396990842 0.025358683268230684 0.09861147280092794 
12 0.9072395829359692 0.20965567129629664 0.021562499205271025 0.09865162037037105 
12 0.5008854158719382 0.5993052051685472 0.07083333174387577 0.6475000226056131 
12 0.1173698933919269 0.40780889723036023 0.06265624999999962 0.23135853520146124 
12 0.2810016381740567 0.358382886250814 0.04189931313196761 0.1313954021312569 
12 0.5875782267252608 0.34534251177752445 0.05598937988281326 0.18587093211986366 
13 0.2530210359891252 0.5462500890096028 0.03635416507720871 0.05268536320439091 
12 0.7744795735677087 0.24203703703703755 0.046770019531250755 0.4840740740740751 
12 0.45777038514614027 0.23041630497685187 0.02043578982353059 0.06601924189814815 
