7 0.7868489587306982 0.31217628761574073 0.03140625079472746 0.023795572916666667 
7 0.8652693684895837 0.29106481481481516 0.02196126302083409 0.01916666666666734 
7 0.8247652184963224 0.3013427734375 0.028489584128061553 0.020462601273148147 
9 0.2335677083333337 0.44220829716435184 0.07078125000000075 0.10200918692129629 
7 0.5872658276557918 0.3708836082175939 0.04651041507720872 0.03656611689815084 
7 0.8342872111002606 0.32523148077505676 0.031113077799479544 0.024722220809370036 
7 0.8061454268296557 0.33287018952546366 0.03135416746139488 0.030370732060186534 
7 0.7744274902343743 0.3433794487847232 0.03447916666666515 0.03287073206018721 
7 0.6710677075386049 0.3787955729166663 0.07265624841054243 0.047037037037036364 
12 0.2909937032063804 0.30634259259259294 0.13229990641276004 0.6126851851851859 
7 0.3263542175292969 0.4923147250987869 0.07593739827473958 0.06111093167905387 
7 0.5210156242052714 0.4273841695432305 0.054010415077209474 0.045879811887386865 
3 0.3823176066080729 0.40148283781828736 0.19005228678385416 0.0983306206597229 
3 0.5333332316080733 0.359217303947166 0.09208353678385492 0.07010199794062828 
3 0.6446614583333333 0.3300658282527214 0.07005208333333333 0.0606868503711835 
