13 0.5994765218098962 0.35078034577546297 0.15146362304687574 0.5021430121527778 
3 0.8373047431310018 0.04510767901385272 0.12289846738179525 0.09021535802770544 
3 0.8332100828488668 0.11568804140444156 0.12617358366648357 0.12372634322554976 
3 0.8267010529836019 0.22049105608904804 0.12445414861043294 0.10043668393735532 
3 0.8267009258270264 0.31947301582053855 0.11135371526082356 0.11208152064570674 
13 0.9577007611592611 0.2634789134837968 0.04665152231852213 0.16156069155092695 
13 0.9196302858988445 0.27001953125 0.03436473846435509 0.1775535300925926 
13 0.7603804016113282 0.3442453342013896 0.026218363444010608 0.22706488715277912 
13 0.7046988932291669 0.35372287326388907 0.07206054687500038 0.3158875868055559 
13 0.49835057576497427 0.5429542484989877 0.158819681803386 0.6244270155164924 
13 0.24740978717803966 0.587345705385562 0.19731957435607891 0.40172844780815836 
