3 0.9091204325358073 0.3486558405558273 0.1817591349283854 0.11342279222276375 
13 0.8058334855238598 0.48992892795138904 0.03645863771438561 0.25736436631944476 
3 0.9114082336425782 0.04430555555555589 0.17718353271484374 0.08861111111111178 
13 0.7737554931640626 0.5312587709780094 0.027094319661458144 0.1978528284143522 
3 0.9081197102864583 0.4595969941880968 0.18376057942708332 0.13454229566786025 
3 0.9105115254720052 0.11266031901041734 0.17897694905598957 0.1550497323495384 
3 0.9098055521647136 0.2251531791687015 0.18038787841796874 0.12678783981888314 
13 0.11712865193684933 0.7510653573495372 0.18751352945963617 0.4276841001157411 
13 0.30816869099934935 0.6981942635995371 0.1950167846679695 0.603611472800926 
13 0.5366146850585939 0.5569442635995377 0.2472914632161462 0.6183336950231495 
13 0.7115182987848916 0.5069412796585648 0.10355824470519982 0.3611174406828704 
