8 0.7903896555304527 0.2154453639630918 0.012796319524447123 0.02599887318081326 
8 0.6624213591217994 0.17705430772569478 0.015162542462348938 0.018483977141204377 
8 0.6479692682623863 0.175393216698258 0.012793394923210143 0.016847269623367876 
8 0.4517008384068807 0.6651784543637876 0.18013100624084472 0.19796216046368634 
13 0.19049357096354194 0.42068178530092626 0.12922119140625057 0.7534512442129636 
8 0.9365183850129445 0.3535560713873969 0.043467271327972415 0.040948224950719765 
8 0.8550792872905731 0.27341447406344943 0.02602771520614624 0.04445807139078776 
8 0.4226634790500005 0.10463471677568224 0.013267225027084351 0.02190145033377188 
8 0.8339201599359513 0.2635842111375597 0.016223905483881633 0.03290482273808232 
8 0.8091273546218872 0.22600650875656694 0.026506662368774414 0.028436266934430156 
8 0.7724520723025005 0.20996063373706958 0.01942298412322998 0.022342780784324362 
8 0.9728424469629924 0.3132743623521593 0.0418549378712972 0.1193348213478371 
8 0.4066954910755157 0.10429781454580801 0.023217642307281496 0.02021672284161603 
8 0.7503166327873866 0.2040337809809932 0.019427007436752318 0.02021672284161603 
8 0.5041616886854172 0.10631934757585879 0.013267225027084351 0.013477815522087945 
