8 0.6659734527269999 0.1524473614162869 0.041256801287333174 0.053625191582573783 
8 0.7057710121075312 0.10643208998220938 0.032499462366104126 0.04324612440886321 
8 0.08544270833333391 0.685146484375001 0.17088541666666782 0.41322554976852055 
8 0.6008809407552084 0.17372333385326244 0.09302978515625 0.13873356006763599 
8 0.5078452555338544 0.2629270624231409 0.13920532226562538 0.19872015493887443 
0 0.5256910196940112 0.3416883680555556 0.02705546061198068 0.037919560185185185 
0 0.5131945800781258 0.35473668981481515 0.020277506510418184 0.031637731481482155 
13 0.8644270831346518 0.08388491030092593 0.02510416626930123 0.12019314236111112 
13 0.9586277562379829 0.10683846932870437 0.024233865340549225 0.08336009837963097 
13 0.7415066828330358 0.09030555089314779 0.018926451603571575 0.08930612493444372 
