4 0.648438 0.878125 0.159375 0.222917 
4 0.55625 0.652083 0.09375 0.145833 
4 0.667188 0.586458 0.084375 0.114583 
4 0.227344 0.801042 0.126562 0.164583 
4 0.527344 0.528125 0.064062 0.085417 
7 0.321094 0.555208 0.070312 0.10625 
8 0.829688 0.542708 0.203125 0.277083 
7 0.040625 0.602083 0.08125 0.116667 
4 0.485938 0.405208 0.04375 0.052083 
4 0.502344 0.465625 0.054688 0.06875 
4 0.66875 0.455208 0.053125 0.060417 
4 0.374219 0.376042 0.039062 0.05625 
7 0.203906 0.438542 0.067187 0.097917 
0 0.574219 0.409375 0.079687 0.127083 
4 0.334375 0.355208 0.034375 0.04375 
7 0.285938 0.407292 0.053125 0.072917 
