4 0.25625 0.782292 0.125 0.147917 
4 0.333594 0.55 0.067187 0.083333 
4 0.357031 0.457292 0.054688 0.064583 
4 0.580469 0.710417 0.104688 0.133333 
4 0.491406 0.428125 0.045312 0.060417 
7 0.027344 0.598958 0.054688 0.102083 
4 0.242969 0.401042 0.042188 0.05625 
7 0.896875 0.655208 0.159375 0.214583 
7 0.161719 0.469792 0.064062 0.060417 
4 0.475 0.359375 0.03125 0.039583 
7 0.300781 0.389583 0.064062 0.091667 
11 0.142969 0.608333 0.157812 0.241667 
4 0.380469 0.38125 0.035937 0.041667 
0 0.575781 0.40625 0.085938 0.1375 
