4 0.642188 0.945833 0.171875 0.1 
4 0.532031 0.61875 0.082812 0.1375 
4 0.514844 0.490625 0.060937 0.072917 
4 0.305469 0.535417 0.073438 0.1 
4 0.557031 0.576042 0.073438 0.10625 
4 0.525781 0.521875 0.064062 0.072917 
4 0.11875 0.610417 0.14375 0.191667 
7 0.715625 0.476042 0.096875 0.14375 
4 0.359375 0.403125 0.046875 0.05625 
4 0.501563 0.45625 0.046875 0.054167 
0 0.851562 0.747917 0.25625 0.441667 
4 0.4875 0.3875 0.040625 0.05 
4 0.575 0.734375 0.1125 0.152083 
4 0.6125 0.857292 0.15625 0.202083 
7 0.665625 0.544792 0.1125 0.19375 
4 0.569531 0.420833 0.039062 0.05 
