4 0.561719 0.635417 0.079687 0.108333 
9 0.194531 0.641667 0.126562 0.166667 
4 0.289844 0.80625 0.104688 0.125 
4 0.224219 0.9375 0.157812 0.125 
4 0.317188 0.666667 0.0875 0.104167 
4 0.388281 0.571875 0.057813 0.077083 
4 0.3875 0.49375 0.04375 0.05 
4 0.664062 0.634375 0.078125 0.110417 
4 0.270313 0.461458 0.0375 0.04375 
7 0.842969 0.677083 0.145313 0.216667 
4 0.376563 0.535417 0.046875 0.058333 
4 0.504687 0.451042 0.0375 0.047917 
9 0.267969 0.541667 0.085938 0.120833 
4 0.407031 0.439583 0.032813 0.0375 
8 0.096875 0.821875 0.19375 0.339583 
9 0.042969 0.676042 0.085938 0.214583 
8 0.169531 0.526042 0.126562 0.164583 
4 0.571094 0.465625 0.039062 0.052083 
7 0.321875 0.41875 0.0375 0.05 
4 0.357031 0.432292 0.032813 0.04375 
4 0.315625 0.501042 0.040625 0.060417 
