4 0.267969 0.917708 0.139063 0.164583 
4 0.047656 0.870833 0.095312 0.154167 
9 0.191406 0.50625 0.117188 0.145833 
4 0.547656 0.583333 0.070312 0.104167 
4 0.027344 0.684375 0.054688 0.114583 
4 0.628125 0.536458 0.0625 0.077083 
4 0.339062 0.605208 0.071875 0.097917 
4 0.815625 0.657292 0.1 0.135417 
4 0.380469 0.522917 0.048438 0.058333 
7 0.31875 0.472917 0.05 0.079167 
9 0.267188 0.441667 0.06875 0.104167 
7 0.594531 0.428125 0.039062 0.05625 
4 0.386719 0.473958 0.042188 0.052083 
7 0.341406 0.440625 0.042188 0.06875 
4 0.75625 0.739583 0.1125 0.166667 
9 0.184375 0.665625 0.165625 0.227083 
4 0.500781 0.444792 0.032813 0.047917 
7 0.5625 0.457292 0.04375 0.072917 
