4 0.863281 0.840625 0.151562 0.214583 
9 0.2125 0.49375 0.1 0.133333 
4 0.30625 0.772917 0.096875 0.120833 
4 0.645312 0.5875 0.06875 0.091667 
4 0.064062 0.757292 0.090625 0.114583 
7 0.682031 0.548958 0.073438 0.085417 
4 0.53125 0.536458 0.05625 0.077083 
4 0.353906 0.560417 0.057813 0.075 
4 0.560156 0.454167 0.032813 0.045833 
4 0.089063 0.589583 0.078125 0.083333 
4 0.529687 0.427083 0.028125 0.0375 
4 0.498437 0.460417 0.034375 0.045833 
9 0.280469 0.434375 0.060937 0.09375 
4 0.392188 0.453125 0.034375 0.04375 
0 0.213281 0.634375 0.139063 0.197917 
7 0.651563 0.480208 0.053125 0.064583 
7 0.346875 0.432292 0.040625 0.064583 
4 0.388281 0.496875 0.039062 0.052083 
8 0.280469 0.433333 0.060937 0.091667 
8 0.2125 0.63125 0.140625 0.204167 
7 0.328125 0.461458 0.05 0.077083 
