9 0.217188 0.486458 0.09375 0.135417 
4 0.247656 0.910417 0.142187 0.175 
9 0.24375 0.575 0.09375 0.133333 
4 0.335156 0.604167 0.073438 0.0875 
4 0.325781 0.69375 0.082812 0.104167 
4 0.525 0.532292 0.05625 0.077083 
8 0.098437 0.814583 0.196875 0.345833 
9 0.08125 0.616667 0.1625 0.233333 
4 0.617188 0.548958 0.05625 0.072917 
4 0.742969 0.973958 0.151562 0.047917 
4 0.404687 0.433333 0.025 0.033333 
8 0.082031 0.617708 0.164062 0.23125 
4 0.397656 0.502083 0.042188 0.058333 
4 0.617969 0.461458 0.042188 0.052083 
7 0.570312 0.461458 0.04375 0.060417 
4 0.394531 0.469792 0.032813 0.04375 
4 0.360938 0.428125 0.025 0.035417 
9 0.311719 0.482292 0.064062 0.09375 
7 0.310937 0.482292 0.0625 0.09375 
