4 0.30625 0.789583 0.1125 0.145833 
4 0.270313 0.566667 0.065625 0.075 
4 0.361719 0.55625 0.057813 0.070833 
4 0.384375 0.495833 0.04375 0.054167 
9 0.546875 0.415625 0.05 0.085417 
4 0.503906 0.465625 0.035937 0.047917 
7 0.165625 0.572917 0.09375 0.125 
8 0.301563 0.402083 0.059375 0.079167 
4 0.403125 0.448958 0.03125 0.039583 
4 0.342969 0.652083 0.076563 0.108333 
4 0.061719 0.927083 0.123438 0.1375 
7 0.673438 0.519792 0.06875 0.08125 
0 0.313281 0.458333 0.073438 0.116667 
8 0.313281 0.457292 0.073438 0.114583 
