4 0.226562 0.922917 0.16875 0.154167 
8 0.657813 0.564583 0.146875 0.25 
9 0.928125 0.785417 0.140625 0.333333 
4 0.371094 0.55625 0.054688 0.070833 
4 0.671875 0.901042 0.14375 0.19375 
4 0.339062 0.622917 0.06875 0.083333 
9 0.117188 0.71875 0.234375 0.35 
4 0.303906 0.739583 0.117188 0.145833 
4 0.375 0.509375 0.05 0.064583 
4 0.765625 0.595833 0.078125 0.095833 
4 0.3 0.514583 0.05 0.0625 
4 0.328125 0.476042 0.04375 0.05625 
8 0.267969 0.453125 0.070312 0.097917 
8 0.188281 0.507292 0.117188 0.127083 
