4 0.65 0.8875 0.15 0.2125 
4 0.289844 0.805208 0.104688 0.122917 
4 0.782031 0.827083 0.132812 0.204167 
4 0.223438 0.936458 0.159375 0.122917 
4 0.320312 0.659375 0.084375 0.10625 
4 0.520312 0.494792 0.05 0.064583 
7 0.727344 0.598958 0.132812 0.202083 
4 0.608594 0.517708 0.054688 0.060417 
9 0.178125 0.516667 0.115625 0.15 
4 0.391406 0.482292 0.039062 0.047917 
4 0.592187 0.438542 0.0375 0.04375 
4 0.389844 0.563542 0.054688 0.077083 
9 0.192969 0.638542 0.126562 0.16875 
4 0.278906 0.455208 0.035937 0.04375 
8 0.050781 0.671875 0.101562 0.23125 
7 0.325781 0.4125 0.035937 0.05 
4 0.494531 0.421875 0.029687 0.039583 
8 0.096094 0.81875 0.192188 0.345833 
4 0.378125 0.525 0.046875 0.058333 
7 0.271094 0.529167 0.085938 0.116667 
4 0.360938 0.428125 0.03125 0.039583 
