4 0.655469 0.871875 0.129688 0.222917 
8 0.147656 0.542708 0.139063 0.18125 
4 0.288281 0.807292 0.104688 0.127083 
4 0.223438 0.936458 0.15625 0.122917 
4 0.309375 0.684375 0.090625 0.10625 
9 0.194531 0.638542 0.120313 0.164583 
4 0.375781 0.547917 0.048438 0.058333 
4 0.254688 0.478125 0.04375 0.052083 
7 0.83125 0.665625 0.115625 0.135417 
4 0.382812 0.592708 0.0625 0.085417 
4 0.382812 0.505208 0.046875 0.052083 
4 0.507812 0.473958 0.04375 0.05625 
4 0.542969 0.6125 0.064062 0.091667 
8 0.096094 0.820833 0.192188 0.341667 
7 0.252344 0.555208 0.089063 0.122917 
4 0.578906 0.4875 0.042188 0.054167 
8 0.038281 0.68125 0.076563 0.208333 
4 0.325781 0.486458 0.035937 0.047917 
4 0.346094 0.448958 0.035937 0.047917 
7 0.807031 0.801042 0.185938 0.260417 
4 0.405469 0.454167 0.035937 0.041667 
7 0.310156 0.43125 0.039062 0.05 
7 0.646875 0.48125 0.0625 0.095833 
9 0.808594 0.8 0.185938 0.270833 
