4 0.628906 0.790625 0.107813 0.172917 
9 0.15625 0.540625 0.1375 0.177083 
4 0.8 0.698958 0.103125 0.122917 
9 0.251563 0.45625 0.078125 0.1125 
4 0.309375 0.701042 0.0875 0.11875 
7 0.303906 0.49375 0.057813 0.0875 
4 0.365625 0.565625 0.05625 0.072917 
4 0.069531 0.675 0.095312 0.104167 
4 0.528125 0.525 0.053125 0.075 
4 0.373437 0.509375 0.05 0.060417 
4 0.570312 0.473958 0.04375 0.05625 
4 0.020313 0.661458 0.040625 0.097917 
4 0.542969 0.428125 0.029687 0.039583 
4 0.407813 0.44375 0.03125 0.045833 
4 0.496875 0.433333 0.034375 0.041667 
7 0.332031 0.451042 0.045312 0.06875 
9 0.142969 0.727083 0.192188 0.266667 
4 0.603906 0.445833 0.039062 0.05 
