8 0.069531 0.617708 0.132812 0.202083 
4 0.601562 0.761458 0.10625 0.185417 
4 0.288281 0.759375 0.110937 0.139583 
9 0.201563 0.589583 0.1625 0.220833 
4 0.371875 0.551042 0.05 0.064583 
4 0.526563 0.489583 0.04375 0.058333 
4 0.375 0.508333 0.05 0.066667 
4 0.347656 0.604167 0.060937 0.070833 
4 0.390625 0.469792 0.0375 0.047917 
4 0.328125 0.659375 0.0875 0.114583 
4 0.307812 0.501042 0.046875 0.060417 
4 0.330469 0.471875 0.039062 0.052083 
4 0.353906 0.423958 0.039062 0.052083 
8 0.296094 0.426042 0.054688 0.072917 
