4 0.691406 0.645833 0.095312 0.125 
4 0.296875 0.746875 0.10625 0.135417 
4 0.566406 0.638542 0.079687 0.11875 
7 0.704688 0.533333 0.06875 0.083333 
4 0.171875 0.573958 0.059375 0.072917 
7 0.03125 0.729167 0.0625 0.145833 
9 0.251563 0.459375 0.078125 0.110417 
9 0.270313 0.551042 0.096875 0.139583 
4 0.363281 0.582292 0.060937 0.072917 
4 0.323437 0.480208 0.040625 0.052083 
0 0.576562 0.46875 0.078125 0.116667 
7 0.1125 0.785417 0.134375 0.170833 
9 0.302344 0.411458 0.051562 0.077083 
4 0.380469 0.479167 0.039062 0.05 
7 0.848437 0.671875 0.11875 0.135417 
4 0.491406 0.434375 0.029687 0.039583 
