4 0.728906 0.61875 0.082812 0.1 
4 0.582812 0.666667 0.084375 0.120833 
4 0.302344 0.725 0.095312 0.125 
9 0.146875 0.55 0.15 0.1875 
4 0.3625 0.578125 0.059375 0.077083 
4 0.05625 0.690625 0.103125 0.110417 
4 0.367969 0.519792 0.054688 0.064583 
9 0.247656 0.460417 0.079687 0.116667 
4 0.515625 0.490625 0.05 0.06875 
7 0.328906 0.454167 0.048438 0.070833 
4 0.557813 0.45625 0.0375 0.05 
7 0.3 0.497917 0.059375 0.091667 
4 0.407031 0.451042 0.029687 0.04375 
4 0.490625 0.420833 0.03125 0.041667 
