4 0.576562 0.679167 0.090625 0.129167 
4 0.289062 0.805208 0.10625 0.122917 
9 0.19375 0.640625 0.125 0.16875 
4 0.224219 0.9375 0.157812 0.125 
4 0.317969 0.665625 0.085938 0.10625 
7 0.898438 0.736458 0.1875 0.26875 
4 0.388281 0.490625 0.042188 0.052083 
4 0.388281 0.569792 0.057813 0.077083 
4 0.580469 0.479167 0.042188 0.054167 
4 0.271875 0.459375 0.0375 0.04375 
4 0.377344 0.532292 0.045312 0.05625 
9 0.172656 0.523958 0.126562 0.16875 
4 0.50625 0.458333 0.04375 0.054167 
8 0.096875 0.821875 0.19375 0.339583 
4 0.317188 0.5 0.040625 0.058333 
4 0.407813 0.4375 0.03125 0.0375 
7 0.648438 0.523958 0.096875 0.14375 
9 0.044531 0.673958 0.089063 0.210417 
9 0.266406 0.535417 0.085938 0.120833 
