4 0.642969 0.947917 0.170313 0.1 
4 0.525781 0.523958 0.064062 0.072917 
4 0.575 0.739583 0.10625 0.158333 
4 0.557813 0.579167 0.075 0.108333 
7 0.798438 0.509375 0.115625 0.139583 
4 0.514844 0.490625 0.060937 0.072917 
7 0.667188 0.548958 0.109375 0.19375 
4 0.607812 0.854167 0.15 0.195833 
7 0.675781 0.436458 0.076563 0.114583 
0 0.855469 0.746875 0.254688 0.41875 
4 0.589063 0.446875 0.05 0.06875 
7 0.61875 0.504167 0.071875 0.125 
4 0.501563 0.45625 0.046875 0.054167 
10 0.284375 0.354167 0.04375 0.0625 
4 0.292969 0.485417 0.076563 0.1 
4 0.538281 0.616667 0.089063 0.141667 
7 0.636719 0.380208 0.082812 0.13125 
