4 0.59375 0.786458 0.128125 0.185417 
4 0.664062 0.919792 0.175 0.15625 
4 0.515625 0.50625 0.0625 0.083333 
4 0.559375 0.657292 0.096875 0.127083 
4 0.550781 0.572917 0.098437 0.125 
4 0.696875 0.622917 0.1 0.133333 
4 0.79375 0.571875 0.078125 0.097917 
4 0.759375 0.522917 0.0625 0.066667 
4 0.858594 0.609375 0.101562 0.09375 
8 0.659375 0.495833 0.128125 0.2125 
8 0.886719 0.816667 0.226562 0.366667 
4 0.71875 0.490625 0.0375 0.060417 
2 0.585156 0.43125 0.089063 0.15 
4 0.492188 0.436458 0.05 0.060417 
4 0.510156 0.455208 0.045312 0.035417 
4 0.369531 0.40625 0.042188 0.054167 
8 0.663281 0.389583 0.095312 0.1125 
4 0.480469 0.388542 0.042188 0.04375 
2 0.5375 0.360417 0.059375 0.091667 
