4 0.634375 0.865625 0.1375 0.214583 
4 0.579688 0.75625 0.115625 0.170833 
4 0.557031 0.648958 0.092188 0.114583 
4 0.202344 0.5375 0.076563 0.095833 
4 0.513281 0.5 0.064062 0.083333 
4 0.759375 0.521875 0.065625 0.06875 
4 0.303906 0.533333 0.067187 0.079167 
4 0.940625 0.715625 0.096875 0.14375 
4 0.690625 0.613542 0.0875 0.114583 
2 0.585156 0.43125 0.085938 0.15 
4 0.55 0.56875 0.1 0.120833 
8 0.836719 0.740625 0.248438 0.385417 
4 0.717969 0.490625 0.039062 0.060417 
4 0.795312 0.554167 0.06875 0.0625 
8 0.660156 0.502083 0.126562 0.208333 
4 0.490625 0.428125 0.046875 0.05625 
4 0.478906 0.391667 0.039062 0.045833 
4 0.50625 0.444792 0.046875 0.039583 
2 0.533594 0.355208 0.060937 0.089583 
