4 0.921875 0.608333 0.10625 0.120833 
4 0.328125 0.538542 0.06875 0.08125 
4 0.2375 0.847917 0.134375 0.166667 
4 0.529687 0.497917 0.0625 0.083333 
4 0.140625 0.61875 0.096875 0.1 
4 0.497656 0.444792 0.051562 0.06875 
4 0.290625 0.433333 0.05 0.058333 
4 0.2375 0.483333 0.075 0.095833 
9 0.277344 0.353125 0.048438 0.077083 
4 0.382812 0.367708 0.0375 0.047917 
4 0.478125 0.370833 0.034375 0.045833 
4 0.533594 0.36875 0.032813 0.045833 
2 0.595313 0.441667 0.0875 0.116667 
7 0.064062 0.544792 0.125 0.202083 
