4 0.640625 0.947917 0.175 0.1 
4 0.526563 0.523958 0.0625 0.06875 
4 0.557813 0.578125 0.071875 0.10625 
4 0.514062 0.490625 0.059375 0.072917 
4 0.575 0.736458 0.103125 0.152083 
7 0.666406 0.545833 0.114062 0.191667 
7 0.68125 0.439583 0.08125 0.116667 
0 0.853906 0.747917 0.254688 0.425 
4 0.608594 0.858333 0.151562 0.2 
4 0.501563 0.458333 0.05 0.054167 
7 0.809375 0.521875 0.125 0.14375 
4 0.588281 0.444792 0.051562 0.06875 
4 0.478906 0.397917 0.039062 0.045833 
7 0.616406 0.503125 0.073438 0.11875 
