4 0.616406 0.721875 0.114062 0.164583 
4 0.826562 0.614583 0.09375 0.108333 
4 0.319531 0.552083 0.076563 0.1 
4 0.533594 0.545833 0.067187 0.1 
4 0.621875 0.490625 0.0625 0.08125 
4 0.228906 0.516667 0.073438 0.0875 
4 0.791406 0.520833 0.079687 0.091667 
4 0.142187 0.492708 0.06875 0.085417 
0 0.714063 0.595833 0.134375 0.2375 
4 0.494531 0.43125 0.045312 0.0625 
4 0.26875 0.746875 0.115625 0.172917 
4 0.358594 0.429167 0.048438 0.058333 
4 0.371875 0.383333 0.034375 0.041667 
7 0.689063 0.428125 0.05 0.064583 
7 0.045312 0.583333 0.090625 0.108333 
4 0.044531 0.582292 0.089063 0.110417 
