4 0.629687 0.757292 0.11875 0.16875 
9 0.211719 0.490625 0.101562 0.135417 
9 0.230469 0.590625 0.101562 0.139583 
4 0.240625 0.917708 0.146875 0.160417 
4 0.317969 0.7125 0.085938 0.108333 
7 0.84375 0.697917 0.1125 0.141667 
4 0.332031 0.6125 0.073438 0.0875 
9 0.303125 0.489583 0.06875 0.095833 
8 0.097656 0.813542 0.195312 0.347917 
4 0.392188 0.479167 0.034375 0.045833 
4 0.509375 0.483333 0.04375 0.058333 
4 0.302344 0.416667 0.026562 0.033333 
8 0.079687 0.634375 0.159375 0.247917 
4 0.396875 0.514583 0.04375 0.058333 
4 0.403906 0.438542 0.029687 0.035417 
4 0.585938 0.501042 0.04375 0.05625 
7 0.553125 0.4375 0.0375 0.054167 
