4 0.667188 0.844792 0.134375 0.214583 
9 0.211719 0.571875 0.157812 0.210417 
4 0.289844 0.75625 0.107813 0.141667 
8 0.089063 0.804167 0.178125 0.375 
4 0.372656 0.552083 0.051562 0.070833 
4 0.51875 0.498958 0.05 0.06875 
4 0.245312 0.93125 0.159375 0.133333 
4 0.644531 0.496875 0.048438 0.060417 
4 0.375 0.50625 0.05 0.066667 
4 0.310937 0.496875 0.046875 0.060417 
4 0.346875 0.604167 0.0625 0.070833 
8 0.117188 0.5625 0.128125 0.175 
8 0.2625 0.445833 0.071875 0.0875 
4 0.328906 0.658333 0.089063 0.116667 
4 0.4875 0.411458 0.028125 0.039583 
4 0.334375 0.463542 0.034375 0.04375 
4 0.392969 0.464583 0.039062 0.045833 
