9 0.224219 0.478125 0.089063 0.127083 
9 0.090625 0.603125 0.175 0.227083 
4 0.25625 0.88125 0.13125 0.175 
4 0.569531 0.657292 0.085938 0.13125 
4 0.334375 0.663542 0.078125 0.097917 
9 0.260156 0.552083 0.079687 0.120833 
4 0.342187 0.584375 0.06875 0.08125 
4 0.690625 0.665625 0.090625 0.114583 
4 0.667188 0.513542 0.059375 0.06875 
8 0.101562 0.809375 0.203125 0.33125 
7 0.6 0.507292 0.05625 0.085417 
4 0.500781 0.435417 0.032813 0.041667 
4 0.4 0.489583 0.0375 0.054167 
4 0.559375 0.430208 0.03125 0.039583 
4 0.397656 0.457292 0.029687 0.039583 
