4 0.257812 0.925 0.146875 0.145833 
8 0.245312 0.559375 0.125 0.16875 
9 0.146094 0.561458 0.089063 0.13125 
4 0.332031 0.641667 0.073438 0.091667 
4 0.525781 0.545833 0.057813 0.079167 
4 0.372656 0.540625 0.054688 0.064583 
4 0.317969 0.735417 0.095312 0.141667 
4 0.388281 0.469792 0.042188 0.047917 
0 0.323437 0.458333 0.071875 0.104167 
4 0.382031 0.5 0.042188 0.045833 
4 0.35 0.5875 0.0625 0.0625 
4 0.521875 0.486458 0.046875 0.05625 
9 0.04375 0.620833 0.084375 0.0875 
8 0.620313 0.51875 0.10625 0.1625 
9 0.226562 0.48125 0.0625 0.070833 
11 0.099219 0.8 0.185938 0.308333 
