4 0.292187 0.796875 0.103125 0.13125 
4 0.221875 0.936458 0.159375 0.122917 
9 0.185938 0.510417 0.1125 0.15 
4 0.323437 0.65 0.08125 0.104167 
4 0.551562 0.571875 0.06875 0.102083 
7 0.28125 0.520833 0.078125 0.108333 
4 0.390625 0.552083 0.053125 0.070833 
4 0.394531 0.472917 0.035937 0.045833 
4 0.284375 0.445833 0.034375 0.041667 
9 0.904687 0.8125 0.190625 0.366667 
8 0.057813 0.666667 0.1125 0.241667 
4 0.670312 0.607292 0.08125 0.09375 
8 0.095312 0.815625 0.190625 0.347917 
4 0.342969 0.458333 0.032813 0.041667 
9 0.195312 0.636458 0.128125 0.16875 
4 0.619531 0.465625 0.045312 0.05625 
4 0.378906 0.515625 0.042188 0.052083 
4 0.50625 0.452083 0.040625 0.054167 
