8 0.217188 0.6 0.15 0.2 
4 0.605469 0.736458 0.107813 0.172917 
4 0.307031 0.770833 0.104688 0.154167 
9 0.105469 0.595833 0.104688 0.1625 
0 0.314063 0.472917 0.075 0.116667 
4 0.371875 0.541667 0.053125 0.066667 
4 0.382031 0.501042 0.042188 0.047917 
4 0.388281 0.46875 0.042188 0.045833 
0 0.591406 0.540625 0.126562 0.19375 
8 0.902344 0.746875 0.185938 0.372917 
4 0.330469 0.645833 0.079687 0.1 
9 0.203906 0.492708 0.067187 0.072917 
4 0.235937 0.976042 0.153125 0.047917 
8 0.060937 0.882292 0.121875 0.23125 
7 0.259375 0.467708 0.053125 0.08125 
