4 0.292187 0.836458 0.115625 0.160417 
4 0.584375 0.685417 0.09375 0.145833 
4 0.332031 0.639583 0.073438 0.091667 
7 0.789844 0.769792 0.135937 0.20625 
9 0.255469 0.561458 0.098437 0.139583 
4 0.521875 0.478125 0.046875 0.05625 
4 0.373437 0.5375 0.053125 0.066667 
4 0.394531 0.45625 0.039062 0.045833 
4 0.35 0.586458 0.059375 0.064583 
0 0.354687 0.416667 0.05625 0.079167 
0 0.309375 0.46875 0.078125 0.1125 
7 0.238281 0.475 0.064062 0.091667 
8 0.1 0.578125 0.1875 0.247917 
4 0.385156 0.5 0.045312 0.05 
