8 0.161719 0.679167 0.223438 0.275 
4 0.371875 0.542708 0.05625 0.06875 
4 0.282813 0.854167 0.125 0.1875 
4 0.327344 0.6625 0.082812 0.108333 
0 0.299219 0.494792 0.082812 0.127083 
4 0.382812 0.5 0.04375 0.045833 
4 0.563281 0.638542 0.082812 0.127083 
4 0.388281 0.470833 0.042188 0.05 
4 0.511719 0.479167 0.048438 0.0625 
9 0.178125 0.523958 0.084375 0.09375 
4 0.346094 0.601042 0.067187 0.072917 
1 0.714844 0.514583 0.123438 0.1375 
9 0.05625 0.646875 0.1125 0.19375 
0 0.829688 0.726042 0.284375 0.39375 
