8 0.057813 0.69375 0.10625 0.341667 
4 0.66875 0.89375 0.15625 0.208333 
4 0.285156 0.861458 0.126562 0.16875 
9 0.182812 0.6625 0.134375 0.195833 
4 0.332031 0.641667 0.073438 0.091667 
8 0.275781 0.519792 0.098437 0.13125 
9 0.192969 0.515625 0.073438 0.10625 
4 0.371875 0.541667 0.053125 0.066667 
4 0.5125 0.490625 0.04375 0.060417 
0 0.3375 0.440625 0.0625 0.089583 
4 0.382812 0.502083 0.040625 0.045833 
4 0.389062 0.467708 0.040625 0.04375 
4 0.351562 0.586458 0.05625 0.060417 
4 0.492188 0.430208 0.03125 0.039583 
4 0.367188 0.564583 0.05625 0.070833 
9 0.24375 0.460417 0.053125 0.0625 
