9 0.11875 0.575 0.15625 0.204167 
4 0.274219 0.822917 0.114062 0.154167 
7 0.702344 0.648958 0.098437 0.14375 
9 0.235156 0.471875 0.082812 0.11875 
8 0.107813 0.78125 0.215625 0.291667 
4 0.519531 0.491667 0.042188 0.058333 
4 0.353906 0.554167 0.060937 0.070833 
4 0.348438 0.622917 0.06875 0.0875 
4 0.026562 0.754167 0.053125 0.125 
7 0.28125 0.521875 0.06875 0.10625 
7 0.81875 0.673958 0.10625 0.11875 
4 0.403125 0.471875 0.034375 0.047917 
4 0.81875 0.675 0.10625 0.120833 
7 0.325 0.463542 0.05625 0.085417 
4 0.60625 0.48125 0.040625 0.054167 
